1801
1
-1 369.90625 158.1063690185547 24.8963623046875 23.6019287109375
0
1
-1 370.5835266113281 158.916259765625 24.43255615234375 22.71722412109375
1
1.0 370.6458740234375 159.05697631835938 24.339447021484375 22.619796752929688
1
1.0 370.7769775390625 158.86019897460938 25.155670166015625 22.727279663085938
1
1.0 370.90203857421875 158.44537353515625 25.86077880859375 23.821243286132812
1
1.0 371.3123779296875 157.9115753173828 25.14422607421875 22.99359130859375
1
1.0 371.6338806152344 157.7807159423828 25.56939697265625 23.171630859375
1
1.0 371.75439453125 157.74520874023438 25.72247314453125 23.240036010742188
1
1.0 372.876953125 158.00010681152344 26.80181884765625 23.451995849609375
1
1.0 372.54315185546875 158.99020385742188 28.260467529296875 23.71337890625
0
0
1
1.0 374.4444274902344 164.45787048339844 21.47991943359375 20.960845947265625
1
1.0 376.03668212890625 165.93397521972656 20.32659912109375 22.059417724609375
1
1.0 376.4794921875 166.42681884765625 20.047210693359375 22.468154907226562
1
1.0 376.404296875 166.122314453125 20.765472412109375 24.879135131835938
1
1.0 376.6307373046875 164.70506286621094 23.611724853515625 28.985504150390625
1
1.0 376.9295959472656 162.36477661132812 23.7449951171875 30.986892700195312
1
1.0 376.65838623046875 159.85073852539062 23.3428955078125 32.47465515136719
1
1.0 376.59075927734375 158.8394012451172 23.14019775390625 33.080291748046875
1
1.0 376.8859558105469 154.94778442382812 23.09600830078125 33.13063049316406
1
1.0 374.63836669921875 150.59307861328125 23.99200439453125 33.827728271484375
1
1.0 372.5836181640625 148.7950439453125 24.645721435546875 34.96022033691406
1
1.0 371.22149658203125 147.12469482421875 23.094268798828125 35.290802001953125
1
1.0 369.1646728515625 145.85012817382812 23.66741943359375 35.91075134277344
1
1.0 366.91986083984375 144.5853271484375 24.478271484375 34.49146270751953
1
1.0 366.10223388671875 144.16514587402344 24.793304443359375 33.91338348388672
1
1.0 366.1434326171875 144.16815185546875 25.670135498046875 32.86283874511719
1
1.0 366.1509094238281 143.5419464111328 26.498779296875 31.975250244140625
1
1.0 365.27764892578125 142.76597595214844 27.129547119140625 30.21057891845703
1
1.0 365.83477783203125 140.923583984375 29.898834228515625 28.141090393066406
1
1.0 366.01690673828125 140.27029418945312 30.904754638671875 27.384872436523438
1
1.0 365.3125 134.64932250976562 29.0806884765625 26.327842712402344
0
0
0
1
-1 367.51580810546875 158.75982666015625 21.7764892578125 23.485595703125
0
0
0
0
0
0
0
0
0
0
0
1
-1 364.63665771484375 159.4586944580078 19.6875 23.948638916015625
1
-1 364.55462646484375 159.592041015625 19.5338134765625 23.75616455078125
1
-1 365.4846496582031 159.03338623046875 20.9742431640625 23.90631103515625
1
2.0 365.3877258300781 159.8064727783203 21.44036865234375 23.173004150390625
1
2.0 364.78912353515625 161.72283935546875 20.952606201171875 26.369796752929688
1
2.0 362.9781494140625 164.78997802734375 29.07305908203125 25.6744384765625
1
2.0 362.39715576171875 165.8297119140625 31.653656005859375 25.287979125976562
1
2.0 361.096435546875 166.19227600097656 32.866363525390625 25.458648681640625
1
2.0 359.5649108886719 165.46351623535156 35.39459228515625 25.9105224609375
1
2.0 358.1722412109375 167.15975952148438 36.2169189453125 23.187057495117188
1
2.0 354.8421936035156 168.75767517089844 37.02325439453125 21.884552001953125
1
2.0 351.8524475097656 168.19943237304688 36.99371337890625 22.154098510742188
1
2.0 349.7443542480469 166.98728942871094 36.21356201171875 24.764312744140625
1
2.0 348.96417236328125 166.55911254882812 35.85308837890625 25.643508911132812
1
2.0 347.6208190917969 166.20352172851562 34.71856689453125 26.934555053710938
1
2.0 345.0035705566406 165.6256866455078 33.73907470703125 27.895172119140625
1
2.0 343.04254150390625 165.52725219726562 34.059234619140625 27.997940063476562
1
2.0 344.36468505859375 164.2052001953125 34.348724365234375 28.923538208007812
1
2.0 345.048583984375 163.62281799316406 34.593780517578125 29.38446044921875
1
2.0 343.3948974609375 164.8154296875 34.986358642578125 28.097976684570312
1
2.0 341.17242431640625 163.44015502929688 37.058746337890625 27.052474975585938
1
2.0 337.256103515625 163.54254150390625 35.745574951171875 26.572708129882812
1
2.0 334.2666015625 162.0583953857422 37.433349609375 25.7593994140625
1
2.0 331.13970947265625 159.05618286132812 38.79351806640625 27.502090454101562
2
2.0 329.267333984375 157.4083251953125 37.99078369140625 28.462661743164062
3.0 363.98626708984375 152.74903869628906 21.549407958984375 26.254730224609375
2
2.0 328.68096923828125 156.358154296875 38.264923095703125 29.382476806640625
3.0 364.13348388671875 152.51904296875 21.903350830078125 26.590255737304688
2
2.0 326.64874267578125 155.42681884765625 37.698333740234375 30.3211669921875
3.0 364.825927734375 151.87570190429688 23.0341796875 27.026458740234375
2
2.0 325.57666015625 154.1223602294922 38.13946533203125 31.30694580078125
3.0 365.4813232421875 151.94732666015625 23.539947509765625 27.311279296875
2
2.0 325.47357177734375 153.1298370361328 38.448883056640625 31.6885986328125
3.0 365.8507385253906 151.67210388183594 23.7318115234375 27.35198974609375
2
2.0 325.01092529296875 150.50079345703125 36.9583740234375 32.550628662109375
3.0 365.76568603515625 151.30230712890625 23.017120361328125 26.986328125
2
2.0 324.76971435546875 149.57315063476562 36.55474853515625 32.86222839355469
3.0 365.7897644042969 151.16387939453125 22.95294189453125 26.977142333984375
2
2.0 324.47564697265625 142.60354614257812 32.199859619140625 31.49720001220703
3.0 365.7191162109375 151.1827392578125 23.347686767578125 27.467208862304688
1
3.0 365.96484375 151.39476013183594 22.551300048828125 26.9932861328125
1
3.0 365.91375732421875 151.30947875976562 22.022186279296875 27.035064697265625
1
3.0 365.9322509765625 151.30764770507812 22.388702392578125 27.036300659179688
1
3.0 365.27044677734375 151.40213012695312 23.990386962890625 28.138259887695312
1
3.0 363.14691162109375 150.6937255859375 26.976104736328125 28.730667114257812
1
3.0 362.2792053222656 150.43873596191406 28.0977783203125 28.947296142578125
1
3.0 361.9287109375 149.7191162109375 27.883087158203125 29.723159790039062
1
3.0 361.4102783203125 149.4450225830078 27.6583251953125 29.955322265625
1
3.0 360.78106689453125 149.5306396484375 26.353302001953125 30.747940063476562
1
3.0 359.970947265625 149.21475219726562 26.304168701171875 31.309158325195312
1
3.0 359.708740234375 149.07748413085938 26.272613525390625 31.509414672851562
1
3.0 360.36932373046875 148.79428100585938 24.413482666015625 31.84918212890625
1
3.0 360.9798583984375 148.27310180664062 23.897674560546875 31.9537353515625
1
3.0 359.583984375 147.23121643066406 22.62646484375 32.1748046875
1
3.0 360.25726318359375 147.16885375976562 22.837066650390625 32.45222473144531
1
3.0 360.9674987792969 147.28900146484375 22.91119384765625 33.25346374511719
1
3.0 362.376220703125 147.44540405273438 22.957366943359375 33.37239074707031
1
3.0 362.87548828125 147.48768615722656 23.11767578125 33.46307373046875
1
3.0 364.0667724609375 147.77606201171875 22.736175537109375 33.578582763671875
1
3.0 364.38262939453125 147.93873596191406 22.635101318359375 33.576202392578125
1
3.0 365.2043762207031 148.01593017578125 22.2686767578125 33.80084228515625
1
3.0 363.884765625 148.24969482421875 22.83935546875 33.651214599609375
1
3.0 363.42816162109375 148.34683227539062 23.051849365234375 33.590118408203125
1
3.0 362.25067138671875 147.4530029296875 23.738189697265625 34.42237854003906
1
3.0 363.89007568359375 147.97573852539062 23.971649169921875 34.74736022949219
1
3.0 364.553955078125 148.55938720703125 25.334686279296875 35.06907653808594
2
3.0 366.5830078125 149.36720275878906 26.656951904296875 35.867034912109375
5.0 261.07330322265625 129.25244140625 28.4412841796875 33.242218017578125
2
3.0 367.2042236328125 149.46200561523438 26.611541748046875 36.652618408203125
5.0 267.17449951171875 122.51510620117188 23.139373779296875 27.894317626953125
1
3.0 367.7857666015625 149.0889892578125 27.374420166015625 37.34144592285156
1
3.0 367.98541259765625 148.9988250732422 27.570587158203125 37.701202392578125
1
3.0 367.8410339355469 148.29010009765625 29.1146240234375 37.59297180175781
1
3.0 366.3667907714844 147.74612426757812 28.434814453125 35.15946960449219
2
3.0 365.4979248046875 149.16127014160156 30.779327392578125 34.634552001953125
6.0 301.4786376953125 139.0238037109375 28.011505126953125 28.519798278808594
3
3.0 365.05908203125 149.68215942382812 31.516937255859375 34.562774658203125
6.0 301.82916259765625 140.70997619628906 28.638519287109375 28.49207305908203
7.0 362.5685119628906 146.5871124267578 27.16387939453125 27.37860107421875
2
6.0 299.5880126953125 150.40682983398438 31.853668212890625 30.298324584960938
7.0 361.9247741699219 147.53567504882812 25.80755615234375 31.752120971679688
3
7.0 361.466552734375 146.13330078125 26.769439697265625 28.662750244140625
8.0 370.45416259765625 166.5564422607422 23.23248291015625 29.71417236328125
3.0 366.9254150390625 158.94027709960938 30.341583251953125 39.95411682128906
3
7.0 363.72149658203125 146.32321166992188 26.91802978515625 27.391815185546875
8.0 369.99053955078125 168.36074829101562 23.083648681640625 30.982925415039062
3.0 366.77691650390625 156.87149047851562 29.1590576171875 41.96836853027344
2
7.0 361.23492431640625 144.39419555664062 31.91943359375 25.085891723632812
8.0 364.34002685546875 170.2388916015625 31.74774169921875 25.245285034179688
2
7.0 360.412841796875 143.7908477783203 33.648284912109375 24.3984375
8.0 362.04461669921875 170.68772888183594 34.190704345703125 22.696868896484375
1
8.0 358.5018005371094 169.93853759765625 32.37408447265625 22.816848754882812
2
8.0 357.1725769042969 169.71026611328125 31.4423828125 22.88519287109375
11.0 236.15679931640625 205.13180541992188 27.748748779296875 27.030044555664062
2
8.0 356.5514221191406 168.392822265625 29.95318603515625 24.420989990234375
11.0 240.80001831054688 206.70004272460938 26.993179321289062 24.051788330078125
2
8.0 356.53948974609375 163.99740600585938 29.07952880859375 30.874649047851562
11.0 244.33360290527344 210.7866668701172 26.859161376953125 25.353302001953125
2
8.0 355.5550537109375 160.55764770507812 28.98699951171875 34.685455322265625
11.0 247.155029296875 212.47256469726562 28.867324829101562 27.114212036132812
2
8.0 354.1286315917969 158.13479614257812 29.13409423828125 36.62931823730469
11.0 247.42266845703125 211.82940673828125 27.34228515625 31.008575439453125
2
8.0 353.62359619140625 157.15728759765625 29.29791259765625 37.4520263671875
11.0 247.2226104736328 211.5681610107422 26.800689697265625 32.45123291015625
2
8.0 353.33349609375 155.93092346191406 28.962890625 37.951934814453125
11.0 245.2471466064453 212.8011474609375 24.245758056640625 36.554840087890625
2
8.0 353.41058349609375 153.59146118164062 28.960357666015625 36.9737548828125
11.0 243.07427978515625 212.2399139404297 21.170135498046875 39.951904296875
2
8.0 353.28485107421875 150.65631103515625 28.5958251953125 35.54270935058594
11.0 241.83551025390625 208.82994079589844 19.965988159179688 41.20587158203125
2
8.0 354.0721130371094 149.272216796875 28.29949951171875 35.48921203613281
11.0 240.9245147705078 206.264404296875 19.29669189453125 41.03202819824219
2
8.0 354.4007568359375 148.73330688476562 28.303955078125 35.44285583496094
11.0 240.4460906982422 205.07962036132812 19.457611083984375 41.01570129394531
2
8.0 354.230224609375 147.36831665039062 27.603851318359375 34.193511962890625
11.0 239.54563903808594 199.947509765625 20.944061279296875 38.26008605957031
2
8.0 354.4266357421875 147.2318115234375 27.674713134765625 34.32759094238281
11.0 239.2900390625 197.91094970703125 21.498855590820312 37.054229736328125
2
8.0 355.37713623046875 146.61260986328125 28.985382080078125 33.25102233886719
11.0 238.90310668945312 195.83946228027344 21.91748046875 36.70733642578125
2
8.0 354.94915771484375 145.39743041992188 26.90057373046875 30.733001708984375
11.0 238.39608764648438 194.67198181152344 24.003616333007812 33.5194091796875
2
8.0 354.11669921875 144.38278198242188 24.504638671875 29.013641357421875
11.0 235.24649047851562 193.48887634277344 26.735763549804688 29.090423583984375
3
8.0 354.3480224609375 142.93350219726562 25.086822509765625 25.951522827148438
11.0 233.28123474121094 192.80970764160156 26.79364013671875 25.871978759765625
3.0 368.8870849609375 162.59213256835938 20.924530029296875 22.342025756835938
3
8.0 354.91595458984375 142.47286987304688 26.199249267578125 24.99078369140625
11.0 232.39990234375 192.5581512451172 26.79180908203125 24.853759765625
3.0 368.9178466796875 162.54071044921875 20.89129638671875 22.126907348632812
3
8.0 353.4962158203125 141.63670349121094 24.93914794921875 23.0240478515625
11.0 231.23817443847656 192.55856323242188 27.287139892578125 23.221878051757812
3.0 368.1656188964844 162.12533569335938 20.76458740234375 22.309280395507812
2
8.0 352.65234375 140.6618194580078 25.25360107421875 22.461822509765625
11.0 230.12850952148438 190.1173553466797 27.852981567382812 23.16888427734375
2
8.0 353.31622314453125 141.41429138183594 25.677093505859375 24.894073486328125
11.0 229.203857421875 188.37918090820312 27.147964477539062 22.9710693359375
2
8.0 353.9140930175781 144.41464233398438 25.12200927734375 29.061050415039062
11.0 227.5289764404297 187.486328125 25.4935302734375 22.587982177734375
2
8.0 354.255859375 145.54713439941406 25.082244873046875 30.5648193359375
11.0 226.8533935546875 187.28944396972656 24.700332641601562 22.4466552734375
2
8.0 354.5950927734375 146.13458251953125 25.637664794921875 31.887588500976562
11.0 225.9176025390625 186.6103515625 24.1295166015625 22.69195556640625
4
8.0 354.8585205078125 146.31781005859375 25.6798095703125 32.36907958984375
11.0 225.63668823242188 186.4226837158203 23.837692260742188 22.66668701171875
12.0 368.60546875 178.81695556640625 25.133453369140625 29.42529296875
13.0 415.0364685058594 199.2516632080078 32.94256591796875 34.087005615234375
3
8.0 355.0954284667969 146.53211975097656 25.82733154296875 33.109649658203125
11.0 224.98519897460938 186.21664428710938 22.372756958007812 22.91748046875
12.0 362.48565673828125 178.8155059814453 29.98052978515625 23.641265869140625
3
8.0 355.2789001464844 146.70205688476562 25.9459228515625 33.72132873535156
11.0 223.75299072265625 183.69406127929688 20.60308837890625 23.84735107421875
12.0 357.7010498046875 179.74755859375 29.685882568359375 20.5084228515625
2
8.0 355.141845703125 146.5726318359375 25.672271728515625 34.78590393066406
11.0 222.66847229003906 182.49977111816406 18.527923583984375 23.364532470703125
2
8.0 355.02667236328125 145.71182250976562 24.727691650390625 34.96006774902344
11.0 222.33810424804688 182.72325134277344 17.80303955078125 21.447479248046875
2
8.0 354.9705505371094 145.36329650878906 24.43359375 35.04474639892578
11.0 222.250244140625 182.86892700195312 17.634078979492188 20.9583740234375
2
8.0 354.1405029296875 145.1510009765625 25.550384521484375 35.80690002441406
11.0 222.10792541503906 182.3258514404297 17.335662841796875 21.033477783203125
2
8.0 353.92987060546875 145.54049682617188 26.939117431640625 35.41973876953125
11.0 221.99456787109375 181.69302368164062 17.019775390625 21.052474975585938
2
8.0 353.06988525390625 145.68177795410156 28.710052490234375 34.46990966796875
11.0 221.78329467773438 181.19137573242188 16.142181396484375 21.489639282226562
2
8.0 352.12835693359375 145.666015625 30.590850830078125 33.79045104980469
11.0 221.284423828125 180.9837188720703 14.955215454101562 21.461395263671875
2
8.0 351.721923828125 145.63267517089844 31.35235595703125 33.602996826171875
11.0 221.03439331054688 180.80810546875 14.549392700195312 21.60919189453125
2
8.0 350.794921875 144.35166931152344 33.08807373046875 33.480567932128906
11.0 220.1151123046875 179.94085693359375 12.915267944335938 21.467147827148438
3
8.0 350.51849365234375 143.9713592529297 33.525726318359375 33.086097717285156
11.0 219.99057006835938 179.72569274902344 12.500579833984375 21.24017333984375
14.0 360.47216796875 181.330078125 36.999755859375 34.66963195800781
3
8.0 350.50433349609375 143.0047607421875 33.046905517578125 33.126380920410156
11.0 219.77371215820312 179.19717407226562 12.111099243164062 20.896591186523438
14.0 358.8329772949219 175.86239624023438 36.51611328125 28.846267700195312
2
8.0 351.5091552734375 141.5076141357422 32.90740966796875 34.044189453125
11.0 219.51943969726562 178.6407928466797 11.640213012695312 21.809417724609375
3
8.0 353.2327880859375 134.9423065185547 30.256256103515625 35.317405700683594
11.0 219.15191650390625 178.68299865722656 10.868820190429688 21.09832763671875
14.0 348.6112060546875 169.7536163330078 28.18914794921875 25.601593017578125
2
11.0 219.09796142578125 178.96951293945312 10.372711181640625 20.807586669921875
14.0 345.8616943359375 168.8118896484375 26.019561767578125 31.95849609375
2
11.0 219.08767700195312 179.08187866210938 10.282730102539062 20.733322143554688
14.0 345.3238525390625 168.49127197265625 25.53948974609375 34.03532409667969
2
11.0 218.8862762451172 178.87277221679688 10.227935791015625 21.343048095703125
14.0 343.043701171875 167.81863403320312 24.008880615234375 34.695526123046875
2
14.0 341.1953125 165.2493896484375 25.393096923828125 38.0797119140625
15.0 345.8514404296875 169.48646545410156 33.604248046875 47.017822265625
2
14.0 340.35302734375 161.81689453125 24.055389404296875 36.84895324707031
15.0 346.22039794921875 170.89512634277344 33.301177978515625 43.695068359375
3
14.0 339.46295166015625 158.6688232421875 23.8638916015625 37.731353759765625
15.0 346.348876953125 171.12303161621094 33.28729248046875 38.38311767578125
16.0 347.3166198730469 177.25067138671875 31.98822021484375 25.686264038085938
3
14.0 339.0947570800781 157.43484497070312 23.6287841796875 38.07890319824219
15.0 346.47943115234375 171.87942504882812 33.20166015625 34.9720458984375
16.0 347.41778564453125 176.35986328125 31.59576416015625 25.839736938476562
2
14.0 338.05218505859375 152.6921844482422 22.812713623046875 36.786376953125
16.0 343.89117431640625 175.28128051757812 33.993560791015625 22.755599975585938
2
14.0 337.740966796875 150.9034423828125 22.5791015625 36.213287353515625
16.0 342.8546447753906 175.0211181640625 34.69110107421875 21.702499389648438
2
14.0 338.5203857421875 149.65994262695312 23.128448486328125 37.56593322753906
16.0 344.8214111328125 175.6278839111328 34.557037353515625 21.07244873046875
1
14.0 337.7717590332031 145.70164489746094 23.9520263671875 37.920860290527344
1
14.0 338.398193359375 142.89219665527344 25.112060546875 39.250030517578125
1
14.0 339.7015686035156 141.28543090820312 25.940185546875 38.93046569824219
1
14.0 340.13720703125 140.70278930664062 26.222686767578125 38.8074951171875
1
14.0 341.9749450683594 138.5773468017578 26.248046875 37.68077850341797
2
14.0 343.17901611328125 129.8082275390625 21.96636962890625 35.13151550292969
15.0 357.89398193359375 177.17129516601562 28.517852783203125 22.21026611328125
2
15.0 366.6506042480469 177.4057159423828 23.92413330078125 30.5018310546875
8.0 353.1373291015625 104.6459732055664 18.186767578125 33.723907470703125
1
15.0 372.1902160644531 173.8402557373047 23.58892822265625 34.40325927734375
1
15.0 373.81536865234375 172.10177612304688 23.380157470703125 36.05503845214844
1
15.0 372.3011474609375 168.3902587890625 23.77679443359375 36.47483825683594
1
15.0 371.697509765625 167.09951782226562 23.66973876953125 36.24395751953125
1
15.0 370.697021484375 165.74136352539062 24.756744384765625 36.46714782714844
1
15.0 370.935791015625 166.14183044433594 24.393310546875 36.738800048828125
1
15.0 370.7083740234375 166.03675842285156 25.014068603515625 36.81494140625
1
15.0 370.5718688964844 166.00360107421875 25.30621337890625 36.87712097167969
1
15.0 370.2696838378906 166.1029052734375 24.92108154296875 36.269561767578125
1
15.0 371.23809814453125 166.6640625 23.85784912109375 35.54084777832031
1
15.0 370.1361083984375 167.45445251464844 23.77130126953125 35.621795654296875
1
15.0 369.8426818847656 166.4439697265625 24.0213623046875 35.54766845703125
1
15.0 369.72772216796875 166.05880737304688 24.173187255859375 35.59306335449219
1
15.0 369.7090759277344 166.91696166992188 24.39990234375 34.87921142578125
1
15.0 370.22686767578125 165.44036865234375 24.953765869140625 35.74372863769531
1
15.0 370.0478515625 164.047119140625 26.006195068359375 35.964508056640625
1
15.0 369.6170654296875 162.0906524658203 25.303680419921875 35.9237060546875
1
15.0 369.98358154296875 160.20822143554688 25.96539306640625 35.091094970703125
1
15.0 369.7098388671875 157.75064086914062 25.848358154296875 35.780364990234375
1
15.0 369.55023193359375 156.856689453125 25.871856689453125 36.01307678222656
1
15.0 369.70684814453125 155.7274169921875 24.922149658203125 35.38377380371094
1
15.0 369.9754638671875 155.30178833007812 24.327545166015625 34.99342346191406
1
15.0 369.41583251953125 155.74000549316406 24.22918701171875 35.3603515625
1
15.0 368.88092041015625 155.8006591796875 24.910797119140625 35.440460205078125
1
15.0 368.689697265625 155.8310546875 25.113494873046875 35.46942138671875
1
15.0 368.0181884765625 155.79873657226562 24.701568603515625 34.32051086425781
1
15.0 367.02783203125 155.69265747070312 25.571533203125 32.83232116699219
1
15.0 364.651123046875 156.08865356445312 26.413787841796875 31.768096923828125
1
15.0 361.9062194824219 156.533447265625 29.475830078125 30.660659790039062
1
15.0 359.21856689453125 157.42123413085938 32.198150634765625 28.563674926757812
1
15.0 356.7393798828125 157.0736083984375 33.830902099609375 27.295135498046875
1
15.0 355.764892578125 156.96218872070312 34.47967529296875 26.890838623046875
0
1
15.0 350.7995300292969 157.51797485351562 36.32781982421875 23.5517578125
1
15.0 346.86846923828125 157.97055053710938 36.286865234375 22.523712158203125
1
15.0 344.4268798828125 157.48500061035156 35.432769775390625 24.705718994140625
1
15.0 343.49725341796875 157.34925842285156 35.015167236328125 25.43695068359375
1
15.0 341.1122741699219 155.90225219726562 30.80810546875 31.418258666992188
1
15.0 340.13714599609375 154.88136291503906 30.5518798828125 33.99957275390625
1
15.0 340.716064453125 153.559814453125 27.94940185546875 35.606048583984375
1
15.0 342.22723388671875 151.40426635742188 24.891021728515625 35.02056884765625
1
15.0 343.5670166015625 149.19271850585938 24.2183837890625 34.08537292480469
1
15.0 345.33984375 148.29501342773438 24.372650146484375 33.75779724121094
1
15.0 345.9290771484375 147.9533233642578 24.566497802734375 33.557220458984375
1
15.0 347.35894775390625 146.99078369140625 25.980072021484375 31.363433837890625
1
15.0 349.8019714355469 145.7502899169922 25.93609619140625 29.417449951171875
2
15.0 353.6537780761719 144.48841857910156 27.91156005859375 26.990936279296875
20.0 265.79876708984375 205.99005126953125 27.172943115234375 39.73298645019531
2
15.0 357.5398864746094 145.0101318359375 29.9483642578125 26.32159423828125
20.0 265.17138671875 203.73788452148438 28.218719482421875 39.24470520019531
2
15.0 359.0314636230469 145.23788452148438 30.7861328125 26.170562744140625
20.0 264.78912353515625 202.9468994140625 28.44873046875 39.15412902832031
2
15.0 361.7050476074219 147.4119415283203 30.99212646484375 26.295318603515625
20.0 264.6531982421875 200.96261596679688 27.573440551757812 37.904266357421875
2
15.0 364.4063415527344 149.94305419921875 30.21661376953125 25.740737915039062
20.0 262.7208251953125 198.80465698242188 28.719635009765625 36.593475341796875
2
15.0 366.0414123535156 150.7112274169922 29.64825439453125 25.422882080078125
20.0 260.939453125 197.4713134765625 30.143569946289062 32.6915283203125
2
15.0 367.0980224609375 150.373779296875 28.280303955078125 25.990249633789062
20.0 257.6512756347656 196.44482421875 30.87322998046875 30.340682983398438
1
15.0 367.7674560546875 150.5317840576172 28.884735107421875 26.0699462890625
1
15.0 368.9955139160156 150.60479736328125 27.8056640625 25.391342163085938
1
15.0 369.43011474609375 150.69268798828125 27.507476806640625 25.411239624023438
2
15.0 370.58050537109375 150.5218505859375 26.60333251953125 25.200729370117188
20.0 247.67071533203125 190.86550903320312 32.08958435058594 24.25396728515625
2
15.0 371.0045166015625 150.49404907226562 26.143707275390625 25.374069213867188
20.0 245.61846923828125 189.48342895507812 32.547607421875 23.0035400390625
2
15.0 371.21209716796875 149.76463317871094 24.704071044921875 25.4237060546875
20.0 242.12742614746094 188.831298828125 32.227081298828125 22.978164672851562
2
15.0 371.44293212890625 150.13894653320312 24.57965087890625 25.828140258789062
20.0 240.1675262451172 188.81283569335938 32.146820068359375 23.404510498046875
2
15.0 371.5447082519531 150.29551696777344 24.596923828125 25.98358154296875
20.0 239.41464233398438 188.8868865966797 32.13397216796875 23.635711669921875
2
15.0 370.8504638671875 151.8709716796875 24.995574951171875 27.943893432617188
20.0 236.12799072265625 187.7458038330078 31.019577026367188 23.170745849609375
2
15.0 370.91229248046875 152.64561462402344 23.3038330078125 29.794036865234375
20.0 233.01683044433594 186.462646484375 31.20123291015625 23.370223999023438
2
15.0 369.8285827636719 156.19482421875 23.2467041015625 30.998733520507812
20.0 229.75709533691406 183.95248413085938 30.869598388671875 23.233108520507812
2
15.0 369.619873046875 157.7126007080078 23.726409912109375 33.37322998046875
20.0 227.7509765625 183.6495361328125 29.258987426757812 22.509078979492188
2
15.0 369.66400146484375 158.59376525878906 23.988128662109375 33.593475341796875
20.0 226.09693908691406 182.82763671875 27.421478271484375 22.4056396484375
2
15.0 366.46185302734375 162.81503295898438 25.2484130859375 24.7559814453125
20.0 224.7386016845703 182.7139892578125 23.818817138671875 21.20330810546875
2
15.0 365.22344970703125 164.56906127929688 25.696807861328125 20.766159057617188
20.0 224.4144744873047 182.71478271484375 22.4903564453125 20.748489379882812
2
15.0 362.67547607421875 167.623291015625 26.14508056640625 20.667495727539062
20.0 223.3240203857422 182.40084838867188 20.09490966796875 20.056259155273438
2
15.0 359.89044189453125 168.20074462890625 27.0694580078125 19.524429321289062
20.0 222.22555541992188 181.93614196777344 17.433441162109375 19.409332275390625
2
15.0 357.902099609375 167.60791015625 28.863739013671875 21.317092895507812
20.0 221.49368286132812 180.912353515625 15.661636352539062 19.967132568359375
2
15.0 358.0208740234375 164.73245239257812 30.235382080078125 25.970169067382812
20.0 220.40634155273438 180.06781005859375 13.593429565429688 20.429718017578125
2
15.0 358.1414794921875 163.62136840820312 30.764862060546875 27.706375122070312
20.0 220.07852172851562 179.712646484375 12.903396606445312 20.714447021484375
1
15.0 358.13525390625 163.0972442626953 30.05133056640625 28.58734130859375
1
15.0 357.95599365234375 162.6051025390625 28.9686279296875 28.65643310546875
1
15.0 357.8715515136719 161.98245239257812 28.3363037109375 28.987060546875
1
15.0 358.4530029296875 161.27613830566406 27.679046630859375 29.389312744140625
1
15.0 357.8748779296875 160.0581512451172 26.774017333984375 30.2044677734375
1
15.0 357.8388366699219 159.62901306152344 26.64208984375 30.51922607421875
1
15.0 357.2124328613281 158.81988525390625 27.32373046875 31.418701171875
1
15.0 356.660888671875 158.53106689453125 28.047515869140625 31.576980590820312
1
15.0 356.4916687011719 157.53414916992188 27.81756591796875 32.2999267578125
1
15.0 356.34149169921875 156.66726684570312 28.29742431640625 32.63795471191406
1
15.0 356.352294921875 156.31857299804688 28.262237548828125 32.57341003417969
1
15.0 356.0631103515625 156.00267028808594 31.576690673828125 33.357025146484375
1
15.0 355.73236083984375 155.25527954101562 35.167388916015625 34.47059631347656
1
15.0 355.53753662109375 155.15261840820312 39.122833251953125 35.23399353027344
1
15.0 354.9451904296875 156.0623016357422 43.975128173828125 34.954498291015625
1
15.0 350.1694030761719 156.39166259765625 36.54693603515625 34.64131164550781
1
15.0 354.68170166015625 155.82205200195312 42.936370849609375 36.201446533203125
1
15.0 356.1865539550781 155.55662536621094 45.2034912109375 36.75994873046875
1
15.0 357.6686096191406 156.82308959960938 45.47296142578125 42.71661376953125
1
-1 368.19622802734375 175.31748962402344 24.235595703125 29.06610107421875
1
22.0 366.57000732421875 177.67022705078125 30.622833251953125 24.492431640625
0
1
22.0 364.7852783203125 176.21707153320312 25.178375244140625 21.254074096679688
1
22.0 364.7512512207031 175.6983642578125 21.3265380859375 20.693984985351562
1
22.0 363.8333740234375 170.68429565429688 21.20257568359375 27.312973022460938
1
22.0 365.138671875 167.18759155273438 23.26702880859375 34.011444091796875
1
22.0 366.42022705078125 164.04779052734375 22.87762451171875 34.61546325683594
1
22.0 366.90057373046875 160.91783142089844 22.192596435546875 34.257537841796875
1
22.0 367.9794616699219 158.47018432617188 22.7059326171875 35.82295227050781
1
22.0 368.4859619140625 157.56617736816406 23.0106201171875 36.34405517578125
1
22.0 370.00860595703125 157.16769409179688 22.364837646484375 37.470458984375
1
22.0 369.8643493652344 156.30026245117188 22.9293212890625 38.37242126464844
1
22.0 369.0609130859375 155.7021484375 22.455230712890625 39.08270263671875
1
22.0 370.4779968261719 154.18731689453125 24.93035888671875 38.52864074707031
1
22.0 370.95391845703125 153.69720458984375 25.815032958984375 38.1553955078125
0
0
0
0
0
0
0
0
0
0
1
22.0 369.2643127441406 156.89227294921875 22.001708984375 29.312088012695312
1
22.0 368.5459289550781 158.37051391601562 20.39959716796875 25.581817626953125
0
0
1
-1 357.03204345703125 139.73587036132812 18.300537109375 13.05731201171875
0
1
-1 352.816650390625 138.06788635253906 21.31585693359375 16.096527099609375
1
23.0 352.47564697265625 137.8376922607422 22.515167236328125 17.4378662109375
1
23.0 352.3634948730469 137.78390502929688 22.73529052734375 17.676361083984375
1
23.0 351.64007568359375 137.01644897460938 24.13299560546875 19.093795776367188
1
23.0 349.8159484863281 136.20486450195312 25.6937255859375 19.85577392578125
2
23.0 348.3641357421875 135.9998321533203 26.842498779296875 20.460594177246094
22.0 368.22784423828125 156.7701873779297 20.741851806640625 20.231781005859375
2
23.0 348.768310546875 136.10354614257812 26.255096435546875 20.115875244140625
22.0 368.0107116699219 157.45913696289062 21.3519287109375 20.7890625
2
23.0 349.063232421875 136.21908569335938 26.121063232421875 20.01299285888672
22.0 368.0353088378906 157.56251525878906 21.48004150390625 20.857177734375
2
23.0 350.4210205078125 135.9086456298828 24.555877685546875 20.07312774658203
22.0 367.8305969238281 157.9525604248047 21.7069091796875 21.684967041015625
2
23.0 351.06170654296875 135.85202026367188 23.53070068359375 19.539268493652344
22.0 368.08648681640625 157.93740844726562 22.3135986328125 21.255828857421875
2
23.0 350.98126220703125 136.1481475830078 23.454193115234375 19.20995330810547
22.0 368.4425354003906 158.22625732421875 22.5013427734375 21.166915893554688
2
23.0 350.656005859375 136.15597534179688 25.09100341796875 20.118141174316406
22.0 368.8575439453125 159.04725646972656 22.7772216796875 21.5599365234375
2
23.0 351.31787109375 136.8922882080078 24.822021484375 20.365631103515625
22.0 368.9136657714844 160.2884521484375 22.08746337890625 23.03662109375
2
23.0 351.947998046875 136.69993591308594 26.0 20.733001708984375
22.0 369.4430847167969 161.35304260253906 22.14007568359375 24.61767578125
2
23.0 352.20947265625 136.63888549804688 26.41815185546875 20.864112854003906
22.0 369.6536560058594 161.79904174804688 22.141357421875 25.266067504882812
2
23.0 353.38104248046875 136.96571350097656 27.10113525390625 21.276573181152344
22.0 369.8761291503906 161.9854736328125 21.95831298828125 24.635147094726562
2
23.0 355.65484619140625 138.0030975341797 26.305999755859375 22.087486267089844
22.0 369.8018798828125 162.03414916992188 22.3951416015625 24.499237060546875
2
23.0 356.146728515625 139.54449462890625 26.362335205078125 21.317947387695312
22.0 369.87371826171875 162.17971801757812 23.621429443359375 25.636764526367188
2
23.0 355.88690185546875 140.666748046875 25.849273681640625 21.091384887695312
22.0 370.4913024902344 162.13400268554688 23.66534423828125 25.810409545898438
2
23.0 355.8627624511719 141.0592041015625 25.65289306640625 21.212661743164062
22.0 370.65753173828125 162.21142578125 23.761871337890625 25.748428344726562
2
23.0 355.3534851074219 141.0487060546875 25.44891357421875 21.613311767578125
22.0 370.3707275390625 162.09881591796875 25.114959716796875 26.10528564453125
2
23.0 355.3386535644531 140.79220581054688 25.80633544921875 21.588165283203125
22.0 370.5166015625 162.58816528320312 26.520660400390625 26.740203857421875
2
23.0 355.3076171875 140.36907958984375 26.798309326171875 21.798004150390625
22.0 370.9978332519531 164.01937866210938 26.42095947265625 27.06597900390625
2
23.0 354.8262939453125 140.0596160888672 27.783172607421875 22.1629638671875
22.0 371.3660888671875 163.8721923828125 26.246826171875 27.78472900390625
2
23.0 351.77374267578125 139.16876220703125 32.63043212890625 22.46484375
22.0 372.4749755859375 163.08486938476562 26.324920654296875 26.227859497070312
2
23.0 350.16400146484375 139.21487426757812 34.597930908203125 22.020645141601562
22.0 373.1615295410156 162.48524475097656 26.3477783203125 23.977142333984375
2
23.0 349.44976806640625 139.27508544921875 35.309661865234375 21.814376831054688
22.0 373.38494873046875 162.25193786621094 26.456390380859375 23.112518310546875
2
23.0 348.553466796875 139.39453125 35.535125732421875 21.364334106445312
22.0 373.12384033203125 161.72634887695312 26.787078857421875 25.047714233398438
2
23.0 348.2413330078125 138.4166717529297 36.106781005859375 20.92023468017578
22.0 372.6846923828125 161.67373657226562 26.760894775390625 26.637985229492188
2
23.0 348.5888977050781 138.07553100585938 36.281005859375 21.406761169433594
22.0 372.3962097167969 161.7125244140625 26.66107177734375 27.369888305664062
2
23.0 348.6321105957031 137.8845977783203 36.47454833984375 21.693511962890625
22.0 372.27490234375 161.65374755859375 26.59686279296875 27.619644165039062
2
23.0 349.8834533691406 137.50538635253906 36.78863525390625 21.60222625732422
22.0 371.7892150878906 161.86399841308594 26.2379150390625 28.611602783203125
2
23.0 353.1169738769531 138.56594848632812 34.5574951171875 20.94921875
22.0 371.993408203125 162.17425537109375 26.412322998046875 29.338485717773438
2
23.0 356.80242919921875 139.80706787109375 33.5391845703125 20.169906616210938
22.0 371.44683837890625 164.00308227539062 24.336669921875 28.893142700195312
2
23.0 359.4095458984375 139.94564819335938 32.694610595703125 21.638916015625
22.0 371.21380615234375 170.435546875 20.988861083984375 24.78082275390625
2
23.0 360.7042236328125 139.88983154296875 30.021270751953125 20.277511596679688
22.0 370.6747741699219 171.95657348632812 18.92303466796875 24.264328002929688
2
23.0 361.79815673828125 140.90106201171875 26.413116455078125 19.689346313476562
22.0 370.80487060546875 172.5742950439453 18.051788330078125 24.11871337890625
2
23.0 362.22857666015625 141.2962646484375 25.17822265625 19.490036010742188
22.0 370.9354248046875 172.77430725097656 17.838104248046875 24.145660400390625
2
23.0 361.87225341796875 140.9355926513672 23.275909423828125 18.997833251953125
22.0 370.4867858886719 173.96878051757812 17.7352294921875 22.190689086914062
2
23.0 361.5501708984375 139.63319396972656 21.6329345703125 20.62957763671875
22.0 369.779296875 173.5306396484375 19.04534912109375 21.110641479492188
2
23.0 360.3215637207031 138.13067626953125 22.19830322265625 19.921585083007812
22.0 368.5765380859375 168.35379028320312 20.75457763671875 29.827789306640625
2
23.0 357.90826416015625 137.6656494140625 23.038116455078125 19.146270751953125
22.0 368.2767333984375 166.70947265625 22.634552001953125 32.85833740234375
2
23.0 356.98565673828125 137.46560668945312 23.484771728515625 18.902374267578125
22.0 368.15252685546875 165.87393188476562 23.35064697265625 34.275543212890625
2
23.0 356.87841796875 138.60369873046875 25.340362548828125 17.471206665039062
22.0 368.3290100097656 165.82003784179688 23.2305908203125 35.08067321777344
2
23.0 355.4867858886719 138.53866577148438 24.0443115234375 16.797744750976562
22.0 368.9759521484375 166.21694946289062 22.302734375 34.86729431152344
2
23.0 354.62164306640625 139.2872314453125 25.03564453125 15.809585571289062
22.0 368.5804443359375 166.1800537109375 21.751678466796875 35.93177795410156
2
23.0 353.4200439453125 139.35096740722656 24.878997802734375 15.445098876953125
22.0 369.5052490234375 166.908447265625 20.920684814453125 34.70884704589844
2
23.0 352.13519287109375 138.86846923828125 25.889404296875 15.294631958007812
22.0 368.5078125 166.6741485595703 21.69097900390625 35.59490966796875
1
22.0 367.6513671875 166.71861267089844 22.28851318359375 35.62457275390625
1
22.0 367.2967529296875 166.9595947265625 22.42474365234375 35.46766662597656
1
22.0 367.3394775390625 166.6347198486328 22.380279541015625 35.772430419921875
1
22.0 367.7628173828125 167.24783325195312 21.372802734375 34.92144775390625
1
22.0 367.3143005371094 166.5563201904297 22.66107177734375 36.7320556640625
1
22.0 366.95587158203125 165.649169921875 23.109161376953125 37.76438903808594
2
22.0 366.774658203125 165.2432861328125 23.323516845703125 38.13539123535156
25.0 357.376953125 252.98565673828125 27.444854736328125 34.31756591796875
1
22.0 366.4344482421875 165.1811981201172 22.61065673828125 37.89324951171875
2
22.0 367.72918701171875 165.9612579345703 23.573455810546875 37.184539794921875
25.0 355.7527770996094 252.02914428710938 24.9385986328125 36.67094421386719
2
22.0 367.79827880859375 166.51528930664062 23.544830322265625 37.50816345214844
25.0 356.097412109375 249.88772583007812 25.516754150390625 36.84416198730469
2
22.0 368.93316650390625 167.9964599609375 23.328369140625 37.799346923828125
25.0 356.7311706542969 248.4693603515625 25.57867431640625 36.62742614746094
2
22.0 368.8218994140625 168.76834106445312 23.01300048828125 36.84364318847656
25.0 356.333740234375 247.11053466796875 24.881744384765625 37.33001708984375
2
22.0 368.2373962402344 167.96298217773438 23.12847900390625 37.43373107910156
25.0 356.5088195800781 245.86788940429688 24.354248046875 36.32084655761719
2
22.0 368.0396728515625 167.64404296875 23.287261962890625 37.62077331542969
25.0 356.6280212402344 245.44833374023438 24.28436279296875 35.93721008300781
2
22.0 371.97015380859375 169.03323364257812 25.21258544921875 37.5394287109375
25.0 356.902099609375 244.47802734375 24.8719482421875 35.166259765625
2
22.0 374.7216796875 172.0548858642578 25.325469970703125 35.51055908203125
25.0 357.26446533203125 242.90916442871094 25.4852294921875 34.763275146484375
2
22.0 372.3465576171875 172.19305419921875 27.569854736328125 39.75860595703125
25.0 357.69207763671875 241.4700927734375 25.693084716796875 33.92353820800781
1
25.0 357.55206298828125 239.70462036132812 26.114959716796875 33.17694091796875
1
25.0 357.412109375 239.1238250732422 26.269989013671875 33.02581787109375
0
0
1
25.0 359.89959716796875 232.64019775390625 25.667205810546875 35.07212829589844
1
25.0 361.2587585449219 229.13116455078125 25.5489501953125 36.52696228027344
1
25.0 361.755859375 227.3319091796875 24.931304931640625 37.16654968261719
0
0
0
0
1
-1 352.0482482910156 139.22698974609375 24.44140625 14.91717529296875
2
-1 352.13427734375 138.57852172851562 24.5234375 15.8990478515625
-1 366.4856262207031 225.20216369628906 24.82373046875 37.24212646484375
2
-1 352.1737060546875 138.58612060546875 24.48944091796875 15.83563232421875
-1 366.4835205078125 224.93060302734375 24.8255615234375 37.81787109375
1
-1 355.3248596191406 138.70291137695312 25.614013671875 17.854736328125
1
26.0 357.4654235839844 137.86500549316406 25.4881591796875 19.63214111328125
1
26.0 359.0760498046875 137.20155334472656 23.755279541015625 21.200531005859375
1
26.0 359.7695617675781 135.390869140625 23.86566162109375 23.568283081054688
1
26.0 361.3094482421875 134.67947387695312 24.905242919921875 23.6888427734375
1
26.0 362.931884765625 134.1080780029297 26.46466064453125 22.4132080078125
1
26.0 363.4122009277344 133.81039428710938 27.0728759765625 21.961593627929688
1
26.0 365.59149169921875 134.09786987304688 25.3304443359375 21.618148803710938
1
26.0 368.29327392578125 133.8717041015625 26.46783447265625 21.375930786132812
1
26.0 370.7693786621094 133.46343994140625 28.11285400390625 20.593421936035156
2
26.0 374.33477783203125 133.35360717773438 29.104400634765625 19.887489318847656
27.0 365.9459533691406 223.73101806640625 25.11767578125 36.21826171875
2
26.0 375.5982666015625 133.2672576904297 29.51312255859375 19.65941619873047
27.0 366.5185546875 223.38705444335938 25.879486083984375 36.40049743652344
2
26.0 378.9566650390625 133.8896942138672 27.22979736328125 19.489356994628906
27.0 366.9581298828125 223.92877197265625 25.122161865234375 36.208343505859375
2
26.0 382.1074523925781 133.9780731201172 29.936767578125 20.57525634765625
27.0 366.5380554199219 223.34100341796875 25.36199951171875 34.62980651855469
2
26.0 381.456298828125 133.688232421875 28.453277587890625 20.852134704589844
27.0 366.57440185546875 222.41790771484375 25.666412353515625 34.46490478515625
2
26.0 379.9508972167969 133.4424285888672 25.52203369140625 20.03363037109375
27.0 368.4315185546875 221.8798065185547 23.62567138671875 34.900634765625
2
26.0 379.53082275390625 133.06080627441406 25.032012939453125 20.253211975097656
27.0 369.8138427734375 221.0229034423828 23.186920166015625 34.98577880859375
2
26.0 379.0481872558594 133.67178344726562 24.595947265625 19.802688598632812
27.0 371.14471435546875 220.13323974609375 24.44256591796875 32.04998779296875
2
26.0 378.8794250488281 133.8782196044922 24.49737548828125 19.52375030517578
27.0 371.92333984375 219.79200744628906 25.42755126953125 31.098724365234375
2
26.0 378.49755859375 133.64511108398438 24.358245849609375 19.49498748779297
27.0 374.31463623046875 219.29095458984375 27.883331298828125 29.677215576171875
2
26.0 378.20233154296875 132.882568359375 23.838592529296875 20.022079467773438
27.0 376.51397705078125 219.11550903320312 30.682037353515625 28.321502685546875
2
26.0 377.8353271484375 132.14585876464844 23.236053466796875 21.01031494140625
27.0 377.7550048828125 219.11288452148438 31.768798828125 27.750534057617188
2
26.0 377.64520263671875 131.8097686767578 23.030975341796875 21.446617126464844
27.0 378.1934509277344 219.10800170898438 32.16741943359375 27.713592529296875
2
26.0 378.18463134765625 131.37548828125 22.429046630859375 21.115455627441406
27.0 378.944091796875 218.9207763671875 27.322845458984375 29.725631713867188
1
26.0 377.9656982421875 131.56968688964844 23.003692626953125 20.838279724121094
1
26.0 378.609619140625 131.6668701171875 23.3143310546875 20.6534423828125
1
26.0 379.310546875 132.4390869140625 24.075225830078125 20.20287322998047
1
26.0 378.97650146484375 133.22808837890625 23.28790283203125 17.996238708496094
1
27.0 381.7137451171875 217.1519775390625 26.605010986328125 28.029434204101562
1
27.0 381.9008483886719 216.96441650390625 27.1312255859375 27.823562622070312
0
0
0
0
0
0
0
1
27.0 384.02557373046875 212.57400512695312 24.81121826171875 30.035842895507812
1
27.0 385.78228759765625 209.33216857910156 23.956573486328125 32.513031005859375
0
1
27.0 387.84515380859375 205.64425659179688 22.91455078125 32.71856689453125
1
27.0 388.537353515625 204.3187255859375 22.725555419921875 33.13154602050781
0
1
27.0 390.09930419921875 200.42715454101562 20.665863037109375 31.401824951171875
0
0
0
0
0
0
0
0
0
0
0
0
1
-1 366.382080078125 157.78909301757812 19.4014892578125 20.730224609375
1
28.0 366.6455078125 158.56649780273438 19.966888427734375 21.685226440429688
1
28.0 366.76715087890625 158.79217529296875 20.185791015625 21.981033325195312
1
28.0 366.3043212890625 159.88368225097656 19.757965087890625 23.282257080078125
1
28.0 365.4706115722656 160.3103790283203 19.41302490234375 23.058929443359375
1
28.0 365.3207092285156 159.75924682617188 19.31793212890625 24.117019653320312
0
0
0
0
0
0
1
28.0 365.27532958984375 161.0162353515625 19.0599365234375 22.955413818359375
1
28.0 365.2425537109375 162.19573974609375 19.689117431640625 23.476409912109375
1
28.0 365.15948486328125 162.40017700195312 19.709136962890625 23.983200073242188
1
28.0 364.796630859375 166.17477416992188 22.4569091796875 22.955947875976562
1
28.0 365.88134765625 167.08349609375 25.677734375 24.653488159179688
1
28.0 366.7475280761719 167.2896728515625 25.2379150390625 25.072616577148438
1
28.0 365.8975524902344 168.11642456054688 26.448486328125 25.449508666992188
1
28.0 365.79339599609375 167.642578125 27.1834716796875 24.9910888671875
1
28.0 363.92755126953125 167.8447723388672 29.055755615234375 23.906768798828125
1
28.0 363.190185546875 167.91073608398438 29.777923583984375 23.502822875976562
1
28.0 361.3736267089844 167.83514404296875 31.70880126953125 23.179946899414062
1
28.0 358.37689208984375 168.19650268554688 31.861175537109375 24.100662231445312
1
28.0 354.3470153808594 166.3897705078125 31.5748291015625 30.018417358398438
1
28.0 352.8042907714844 164.18246459960938 31.68695068359375 32.93019104003906
1
28.0 352.2112121582031 163.0738525390625 31.77294921875 34.44952392578125
1
28.0 351.9189758300781 158.76089477539062 32.858642578125 37.87474060058594
1
28.0 352.1834716796875 155.63470458984375 32.727783203125 37.96092224121094
1
28.0 351.767333984375 153.47869873046875 32.812652587890625 35.74085998535156
1
28.0 349.2984619140625 152.34033203125 32.498504638671875 35.17448425292969
1
28.0 349.05328369140625 151.0670166015625 35.231536865234375 34.8140869140625
1
28.0 349.0774230957031 149.73348999023438 37.2735595703125 33.35740661621094
1
28.0 349.1246032714844 149.29714965820312 37.996337890625 32.82035827636719
1
28.0 348.748046875 148.73117065429688 39.365264892578125 32.82102966308594
1
28.0 348.65203857421875 150.11361694335938 39.59808349609375 34.23919677734375
1
28.0 348.0093994140625 149.89035034179688 41.061492919921875 33.49317932128906
1
28.0 347.81048583984375 149.97637939453125 41.684417724609375 33.44659423828125
1
28.0 345.9258117675781 147.74807739257812 39.45501708984375 32.12324523925781
1
28.0 339.631103515625 143.30203247070312 32.021240234375 30.96399688720703
2
-1 327.7341613769531 124.53073120117188 24.82470703125 33.29901123046875
-1 360.69842529296875 139.2332000732422 18.5521240234375 14.727294921875
0
0
0
1
-1 268.56317138671875 36.86640548706055 23.5810546875 28.668067932128906
0
0
1
-1 358.446533203125 139.13250732421875 18.120361328125 16.690673828125
1
-1 357.8519287109375 139.07406616210938 18.5194091796875 16.3836669921875
1
-1 357.8710632324219 139.14767456054688 18.764404296875 16.49658203125
1
-1 358.50323486328125 139.7496337890625 18.755859375 17.21453857421875
1
-1 358.3651123046875 139.7386474609375 19.30010986328125 17.6842041015625
1
-1 358.556884765625 138.46009826660156 19.0189208984375 16.07891845703125
1
-1 357.3559265136719 138.48513793945312 19.50250244140625 16.14788818359375
1
-1 357.5685729980469 138.4442138671875 19.68798828125 16.2174072265625
1
-1 355.60498046875 138.10635375976562 17.342529296875 16.4510498046875
1
-1 355.5762939453125 138.10687255859375 17.2578125 16.46484375
1
-1 355.4456787109375 137.99850463867188 17.8677978515625 16.5247802734375
1
-1 355.48272705078125 138.15835571289062 17.809326171875 16.643310546875
1
-1 355.7226257324219 138.1979522705078 17.7283935546875 16.653961181640625
2
-1 369.41119384765625 155.07879638671875 21.235107421875 20.86810302734375
-1 355.66058349609375 138.2855224609375 17.7509765625 16.657012939453125
2
-1 355.76068115234375 138.26358032226562 18.0313720703125 16.74676513671875
-1 368.8651428222656 153.4573974609375 22.77166748046875 19.20318603515625
2
-1 369.70550537109375 154.5670166015625 20.6942138671875 21.211181640625
-1 355.99542236328125 138.43911743164062 17.46734619140625 16.30157470703125
2
-1 369.4224853515625 152.26278686523438 22.5811767578125 20.6199951171875
-1 355.96826171875 138.435302734375 17.41436767578125 16.041656494140625
1
-1 369.64300537109375 153.87646484375 22.1092529296875 22.8321533203125
1
32.0 370.1528015136719 154.11940002441406 23.73138427734375 23.460052490234375
1
32.0 370.2560119628906 154.1087646484375 24.05902099609375 23.606475830078125
1
32.0 370.95916748046875 153.18038940429688 24.712371826171875 25.911880493164062
1
32.0 371.2601318359375 152.8941650390625 24.877777099609375 26.617172241210938
1
32.0 371.4883728027344 152.6172332763672 24.385986328125 26.449066162109375
1
32.0 372.38372802734375 151.65646362304688 23.8236083984375 25.906509399414062
1
32.0 372.50616455078125 150.99533081054688 23.72918701171875 26.776031494140625
1
32.0 371.80364990234375 150.6830291748047 23.68463134765625 27.560028076171875
1
32.0 371.6122741699219 150.5774688720703 23.7364501953125 27.884124755859375
1
32.0 371.79315185546875 150.51742553710938 23.390594482421875 28.171829223632812
1
32.0 371.47540283203125 150.63290405273438 23.5836181640625 28.1251220703125
1
32.0 371.3455810546875 150.87530517578125 23.815093994140625 28.389541625976562
1
32.0 371.41497802734375 150.89590454101562 23.848602294921875 28.6798095703125
1
32.0 371.5140380859375 150.83566284179688 23.773223876953125 28.695938110351562
1
32.0 371.27923583984375 150.83543395996094 24.144927978515625 29.145477294921875
1
32.0 371.22711181640625 150.8609619140625 24.2930908203125 29.324020385742188
1
32.0 371.0909423828125 150.98739624023438 24.51007080078125 29.708724975585938
1
32.0 370.98858642578125 150.83065795898438 24.659759521484375 30.063156127929688
1
32.0 371.0304260253906 150.37783813476562 24.5457763671875 30.559600830078125
1
32.0 370.7949523925781 149.6675262451172 24.2630615234375 31.27874755859375
1
32.0 370.82830810546875 149.42312622070312 24.221405029296875 31.565017700195312
1
32.0 370.47515869140625 148.9432830810547 24.072509765625 32.9053955078125
1
32.0 370.240966796875 148.5567626953125 23.555877685546875 32.75309753417969
1
32.0 370.9394226074219 148.77857971191406 24.281005859375 31.41217041015625
1
32.0 373.2138977050781 150.14166259765625 25.611083984375 28.688491821289062
1
32.0 374.0960998535156 150.61618041992188 26.13665771484375 27.591659545898438
1
-1 357.62347412109375 139.05726623535156 17.0673828125 16.49578857421875
1
33.0 357.63006591796875 139.04110717773438 17.170013427734375 16.499786376953125
1
33.0 357.7563171386719 139.0361328125 17.31414794921875 16.460205078125
1
33.0 357.58966064453125 139.21336364746094 17.531036376953125 16.60174560546875
1
33.0 357.12677001953125 138.93743896484375 17.435516357421875 15.870880126953125
2
33.0 356.6879577636719 138.67205810546875 17.11029052734375 15.273971557617188
32.0 367.2371826171875 158.962158203125 22.365875244140625 24.025222778320312
2
33.0 356.5895690917969 138.5560302734375 17.1051025390625 15.140289306640625
32.0 366.681396484375 159.5830078125 22.142059326171875 23.815902709960938
2
33.0 356.76751708984375 138.54428100585938 17.161041259765625 15.35809326171875
32.0 366.1380615234375 159.53111267089844 21.20965576171875 23.1768798828125
2
33.0 357.6680908203125 138.5411376953125 17.500274658203125 15.6341552734375
32.0 366.6629638671875 159.52627563476562 21.493438720703125 23.134078979492188
1
32.0 367.01220703125 160.26968383789062 22.031951904296875 24.151535034179688
1
32.0 368.06597900390625 161.7166748046875 21.479461669921875 25.110000610351562
1
32.0 368.6476135253906 162.2265625 21.10589599609375 25.386886596679688
1
32.0 369.232421875 162.52764892578125 25.727691650390625 27.635879516601562
1
32.0 369.482666015625 162.63160705566406 27.26055908203125 28.448883056640625
1
33.0 357.4588623046875 138.62823486328125 17.1259765625 15.799270629882812
1
33.0 357.75836181640625 139.02685546875 17.11004638671875 16.516098022460938
2
33.0 357.8660888671875 139.09739685058594 17.127685546875 16.824493408203125
34.0 367.936279296875 183.84793090820312 32.04351806640625 24.618118286132812
2
33.0 357.9261474609375 139.23681640625 17.17529296875 17.035415649414062
34.0 367.51641845703125 183.45889282226562 31.554718017578125 24.513809204101562
1
33.0 357.914306640625 139.1273193359375 17.050872802734375 16.800003051757812
2
33.0 358.17718505859375 139.25714111328125 17.6239013671875 17.25799560546875
34.0 361.8085021972656 175.69415283203125 31.76025390625 27.51409912109375
2
33.0 358.4847717285156 139.3458251953125 18.10174560546875 16.922378540039062
32.0 365.24432373046875 165.70323181152344 26.6385498046875 32.170318603515625
1
33.0 358.4433288574219 139.31166076660156 18.18768310546875 17.1390380859375
1
33.0 358.4355773925781 139.22808837890625 18.3031005859375 17.269699096679688
1
33.0 358.05401611328125 139.41339111328125 17.73272705078125 17.180877685546875
1
33.0 358.125732421875 139.51913452148438 17.698883056640625 17.477798461914062
1
33.0 358.218017578125 139.414306640625 17.565521240234375 16.944229125976562
1
33.0 358.21185302734375 139.36593627929688 17.555908203125 16.849273681640625
1
33.0 358.0653381347656 139.13357543945312 17.55657958984375 16.294540405273438
1
33.0 357.9943542480469 139.03591918945312 17.49151611328125 16.116073608398438
1
33.0 358.010009765625 139.02651977539062 17.4949951171875 16.063705444335938
1
33.0 357.7064514160156 138.8623046875 17.18310546875 15.65826416015625
1
33.0 357.7483215332031 138.83407592773438 17.20953369140625 15.766265869140625
1
33.0 357.757080078125 138.97659301757812 17.54913330078125 16.111282348632812
2
33.0 357.75128173828125 138.9200439453125 17.704315185546875 16.027908325195312
32.0 366.68939208984375 160.57162475585938 21.36407470703125 23.888351440429688
2
33.0 357.71661376953125 138.86160278320312 17.881103515625 16.012969970703125
32.0 366.7161560058594 160.22271728515625 21.216796875 23.586685180664062
2
33.0 357.8193054199219 138.96910095214844 17.81292724609375 16.226593017578125
32.0 366.9740905761719 160.6255645751953 21.69598388671875 23.834930419921875
2
33.0 358.09100341796875 139.00326538085938 18.028778076171875 16.363388061523438
32.0 365.92535400390625 160.7530517578125 22.111572265625 23.872573852539062
1
32.0 366.3833312988281 161.63819885253906 22.56671142578125 26.6279296875
1
32.0 366.12432861328125 161.8098907470703 21.711181640625 26.82843017578125
1
-1 359.77294921875 137.9061279296875 18.9588623046875 16.32867431640625
1
32.0 362.65496826171875 165.46267700195312 24.12249755859375 21.92901611328125
1
32.0 362.02838134765625 166.27716064453125 24.902618408203125 20.808502197265625
1
32.0 361.349853515625 167.35614013671875 26.192962646484375 19.405014038085938
1
32.0 361.1484069824219 167.0332489013672 27.10504150390625 22.78131103515625
1
32.0 359.124267578125 163.46823120117188 29.960906982421875 29.400711059570312
1
32.0 357.6813049316406 163.28741455078125 29.00701904296875 34.41026306152344
1
32.0 357.07421875 163.12962341308594 28.610107421875 36.706634521484375
1
32.0 358.02154541015625 161.30615234375 28.179779052734375 37.32099914550781
0
0
0
0
0
0
0
0
0
0
0
0
0
0
0
0
0
0
0
0
0
0
0
0
0
0
0
0
0
0
0
0
0
0
0
0
0
0
0
0
0
0
0
0
0
0
0
0
0
1
-1 369.01007080078125 158.8068389892578 22.0943603515625 23.46563720703125
1
-1 368.78265380859375 158.97802734375 21.563232421875 24.36895751953125
1
-1 368.67120361328125 158.97463989257812 21.3280029296875 24.1722412109375
1
-1 368.4903564453125 158.73834228515625 21.19500732421875 23.9306640625
1
-1 368.746826171875 157.3770751953125 21.4013671875 21.44281005859375
1
-1 368.5719909667969 158.75355529785156 20.7220458984375 23.053497314453125
0
0
0
0
0
0
1
-1 368.49761962890625 160.478515625 22.8656005859375 25.40081787109375
1
37.0 369.8211669921875 160.30076599121094 23.686309814453125 26.132904052734375
1
37.0 370.391845703125 162.37306213378906 25.835205078125 30.945068359375
1
37.0 370.4534912109375 163.07528686523438 26.505706787109375 32.66705322265625
1
37.0 370.4429931640625 164.41839599609375 26.655303955078125 37.88383483886719
1
37.0 370.28094482421875 165.72837829589844 27.018951416015625 39.825653076171875
1
37.0 369.8166809082031 165.59408569335938 26.5340576171875 40.25199890136719
1
37.0 369.64080810546875 165.13998413085938 26.05633544921875 39.89007568359375
1
37.0 369.5986328125 164.9646453857422 25.76458740234375 39.55303955078125
1
37.0 369.6141052246094 164.99734497070312 24.5289306640625 38.376708984375
1
37.0 369.6352844238281 165.2849578857422 24.18194580078125 37.60162353515625
1
37.0 370.8793029785156 167.20693969726562 22.50201416015625 34.46882629394531
1
37.0 370.62542724609375 169.05503845214844 22.83837890625 34.263916015625
1
37.0 370.61260986328125 169.63699340820312 23.057891845703125 33.7642822265625
1
37.0 370.45855712890625 170.32177734375 23.72735595703125 31.877090454101562
1
37.0 370.4684143066406 170.61248779296875 24.0267333984375 31.186721801757812
1
37.0 370.959228515625 170.32846069335938 23.999542236328125 29.97039794921875
1
37.0 371.3155517578125 169.64169311523438 23.609283447265625 29.753799438476562
1
37.0 369.7676696777344 169.00521850585938 25.5716552734375 26.673965454101562
1
37.0 365.4971618652344 172.6122589111328 31.17388916015625 24.14208984375
1
37.0 363.8930358886719 173.80076599121094 33.37701416015625 23.357421875
1
37.0 360.6156005859375 176.37368774414062 33.596099853515625 25.563125610351562
1
37.0 356.583740234375 177.84893798828125 31.974609375 26.395980834960938
1
37.0 355.70550537109375 177.4256591796875 31.527008056640625 25.292465209960938
1
37.0 354.37078857421875 174.88914489746094 30.883544921875 25.908538818359375
1
37.0 352.7293701171875 171.31964111328125 28.432708740234375 27.430191040039062
1
37.0 350.7692565917969 169.07763671875 27.36114501953125 31.238754272460938
1
37.0 350.1252746582031 168.23489379882812 27.0029296875 32.66969299316406
1
37.0 346.87890625 168.50680541992188 26.141693115234375 34.75495910644531
1
37.0 347.08941650390625 167.66229248046875 25.99285888671875 35.64265441894531
2
37.0 345.2436218261719 164.05145263671875 27.37677001953125 36.55137634277344
39.0 373.265380859375 174.39459228515625 21.16845703125 37.433868408203125
2
37.0 343.4074401855469 160.82107543945312 26.26708984375 35.63496398925781
39.0 371.30535888671875 172.83349609375 22.299224853515625 39.65995788574219
1
39.0 370.5928955078125 172.22938537597656 23.128631591796875 40.6727294921875
1
37.0 344.71612548828125 160.5328369140625 26.32550048828125 34.97050476074219
1
37.0 344.7799072265625 158.03329467773438 25.9443359375 35.79267883300781
1
37.0 344.5476379394531 154.53073120117188 24.95892333984375 36.503692626953125
1
37.0 343.87384033203125 151.70631408691406 24.700714111328125 35.571319580078125
1
37.0 345.22125244140625 150.9992218017578 23.88726806640625 36.345947265625
1
37.0 344.31610107421875 150.5182647705078 24.41558837890625 35.74267578125
1
37.0 344.0372619628906 150.400146484375 24.595458984375 35.524444580078125
1
37.0 345.1953125 149.725341796875 25.875091552734375 34.80485534667969
1
37.0 350.132568359375 147.50990295410156 27.43585205078125 31.330780029296875
1
37.0 357.75921630859375 144.64620971679688 26.172637939453125 26.63275146484375
0
0
0
0
0
1
-1 365.726806640625 151.8092041015625 21.21624755859375 25.3507080078125
1
37.0 363.328125 149.57240295410156 24.839141845703125 28.017791748046875
1
37.0 362.49951171875 149.9123992919922 26.414581298828125 29.582183837890625
1
37.0 362.26409912109375 150.0738983154297 26.924591064453125 30.198974609375
1
37.0 361.86529541015625 150.4000244140625 26.525360107421875 30.717697143554688
1
37.0 358.8816223144531 150.7679901123047 26.92486572265625 30.79229736328125
1
37.0 356.58709716796875 150.21197509765625 29.424957275390625 29.9705810546875
1
37.0 355.59393310546875 149.97845458984375 30.215423583984375 29.578659057617188
1
37.0 356.627685546875 150.58892822265625 29.136322021484375 30.661529541015625
1
37.0 362.83563232421875 144.97784423828125 24.15625 29.444625854492188
0
0
0
0
0
0
0
0
0
0
0
0
0
0
0
0
0
0
0
0
0
0
0
0
0
0
1
-1 367.43194580078125 158.39691162109375 21.4163818359375 24.5096435546875
1
-1 367.5640869140625 159.093994140625 22.050048828125 24.5384521484375
1
40.0 367.59228515625 159.1072540283203 22.112213134765625 24.573150634765625
0
1
40.0 368.81982421875 158.1839599609375 23.445953369140625 22.599288940429688
1
40.0 369.55352783203125 158.45263671875 24.134796142578125 22.771270751953125
1
40.0 369.69134521484375 161.1057586669922 24.316497802734375 26.650482177734375
1
40.0 369.7206726074219 161.8547821044922 24.41986083984375 27.976531982421875
1
40.0 370.0260925292969 162.44329833984375 23.7833251953125 28.480422973632812
1
40.0 369.6920166015625 163.88955688476562 24.402801513671875 31.755538940429688
1
40.0 369.4714660644531 164.38668823242188 24.8203125 35.06053161621094
1
40.0 369.85516357421875 165.34231567382812 24.616058349609375 35.78056335449219
1
40.0 369.3443603515625 166.26658630371094 23.8348388671875 36.86077880859375
1
40.0 368.0448303222656 173.56263732910156 26.51617431640625 29.4287109375
1
40.0 367.6086120605469 176.61306762695312 27.320068359375 26.055770874023438
1
40.0 369.4185791015625 176.4952392578125 26.538116455078125 27.638412475585938
1
40.0 371.2362365722656 174.05731201171875 24.4949951171875 32.996337890625
1
40.0 371.64007568359375 173.29888916015625 23.70904541015625 34.8255615234375
1
40.0 371.29486083984375 172.51658630371094 23.090789794921875 31.656982421875
1
40.0 371.1923828125 172.1470947265625 23.020538330078125 30.256668090820312
1
40.0 369.09661865234375 172.2464599609375 25.309600830078125 24.838409423828125
1
40.0 367.9861755371094 171.02081298828125 23.50433349609375 22.616455078125
1
40.0 369.21990966796875 166.84121704101562 23.816253662109375 32.198272705078125
1
-1 378.1341552734375 155.61859130859375 25.6304931640625 32.64642333984375
0
0
0
0
0
0
0
0
0
0
0
0
0
0
0
0
0
0
0
0
0
0
0
0
0
0
0
0
0
0
0
0
0
0
0
0
0
0
0
0
0
0
0
0
0
0
0
0
0
0
0
0
0
0
0
0
0
0
0
0
0
0
0
0
0
1
40.0 368.4075622558594 160.37429809570312 22.82110595703125 27.012924194335938
1
40.0 368.1439208984375 158.68399047851562 22.622711181640625 25.250808715820312
1
40.0 368.3073425292969 157.78109741210938 21.91949462890625 24.04852294921875
1
40.0 368.3455810546875 157.38546752929688 22.194305419921875 22.8795166015625
1
40.0 368.1800842285156 157.78323364257812 21.5858154296875 22.858779907226562
1
40.0 367.88055419921875 157.0293426513672 20.257476806640625 22.137847900390625
0
0
0
0
0
0
1
40.0 368.38787841796875 158.18374633789062 21.224365234375 22.932815551757812
1
40.0 368.59027099609375 158.52853393554688 21.677520751953125 23.304092407226562
1
40.0 369.5502624511719 160.34295654296875 22.536865234375 24.565414428710938
1
40.0 369.9700927734375 160.6617431640625 24.384490966796875 26.673141479492188
1
40.0 370.68743896484375 160.6533203125 24.160125732421875 26.743896484375
1
40.0 370.1842041015625 160.79444885253906 25.017547607421875 27.57342529296875
1
40.0 369.9730224609375 161.115478515625 24.41748046875 27.5587158203125
1
40.0 368.9289855957031 161.5173797607422 23.2962646484375 29.30157470703125
1
40.0 368.4521484375 161.646484375 22.710296630859375 29.91510009765625
1
40.0 368.3822021484375 162.30560302734375 22.71246337890625 31.440109252929688
1
40.0 368.10345458984375 162.86331176757812 21.80133056640625 31.764404296875
1
40.0 368.09344482421875 162.8479461669922 21.331268310546875 30.510406494140625
1
40.0 368.267578125 162.89202880859375 21.17523193359375 30.102249145507812
1
40.0 367.94873046875 162.65655517578125 21.913360595703125 29.272171020507812
1
40.0 368.05389404296875 163.0887451171875 23.20404052734375 29.356857299804688
1
40.0 366.7667236328125 166.52706909179688 25.453704833984375 26.761672973632812
1
40.0 364.14642333984375 168.34124755859375 27.445343017578125 22.493240356445312
1
40.0 363.12237548828125 168.9480438232422 28.206695556640625 20.993133544921875
1
40.0 361.5302734375 166.92660522460938 29.577728271484375 28.391006469726562
1
40.0 360.927001953125 166.40280151367188 30.139984130859375 30.554489135742188
1
40.0 359.97393798828125 164.0833740234375 30.30999755859375 32.78617858886719
1
40.0 360.26202392578125 162.0404052734375 28.734222412109375 33.40751647949219
1
40.0 359.63946533203125 159.87921142578125 27.25537109375 34.70344543457031
1
40.0 360.0789794921875 158.51588439941406 27.054290771484375 35.60357666015625
1
40.0 360.2449951171875 157.9734344482422 27.086395263671875 36.059112548828125
1
40.0 361.4598083496094 157.13450622558594 26.99420166015625 36.245452880859375
1
40.0 362.24462890625 156.449951171875 26.914459228515625 36.83575439453125
1
40.0 362.0494384765625 155.3197784423828 27.464080810546875 36.67578125
1
40.0 361.7578125 154.2457275390625 27.489105224609375 35.88800048828125
1
40.0 361.69512939453125 153.78958129882812 27.6041259765625 35.59880065917969
1
40.0 360.9075012207031 152.22329711914062 26.55987548828125 34.615692138671875
1
40.0 360.6435546875 151.67098999023438 26.165802001953125 34.2274169921875
1
40.0 360.72052001953125 151.39242553710938 26.301544189453125 34.33830261230469
1
40.0 360.9925537109375 151.41244506835938 26.105743408203125 34.38993835449219
1
40.0 360.64459228515625 150.84942626953125 25.085540771484375 34.17279052734375
1
40.0 359.62353515625 150.17047119140625 24.070098876953125 34.32872009277344
1
40.0 359.40924072265625 149.92831420898438 23.954071044921875 34.43353271484375
1
40.0 359.001953125 149.92770385742188 25.2738037109375 34.73162841796875
1
40.0 358.0345458984375 149.09002685546875 25.2022705078125 33.51548767089844
1
40.0 356.993896484375 149.95364379882812 26.035980224609375 32.979736328125
1
40.0 355.8985595703125 149.7083740234375 27.698150634765625 31.66265869140625
1
40.0 355.4053955078125 149.60110473632812 28.431610107421875 31.184722900390625
1
40.0 355.09979248046875 147.35272216796875 31.111724853515625 29.669937133789062
1
40.0 354.965087890625 146.53890991210938 32.1588134765625 29.087753295898438
1
40.0 356.16497802734375 146.05767822265625 32.223052978515625 29.785919189453125
1
40.0 356.77081298828125 145.78646850585938 31.78631591796875 30.475173950195312
1
40.0 357.65008544921875 146.17709350585938 31.840240478515625 30.645706176757812
1
40.0 358.731201171875 146.3230438232422 32.70953369140625 31.569122314453125
1
40.0 359.15765380859375 146.41387939453125 33.249755859375 32.00914001464844
1
40.0 360.2245178222656 142.09967041015625 32.3271484375 33.11021423339844
1
40.0 359.3597412109375 132.09324645996094 29.464385986328125 33.55218505859375
0
0
0
0
0
0
0
0
0
0
0
0
0
0
0
0
0
0
0
0
0
0
0
0
0
0
0
0
0
0
0
0
0
0
0
0
0
0
0
0
0
0
0
0
0
0
0
0
0
0
0
0
0
0
0
0
0
0
0
0
0
0
0
0
0
0
0
0
0
0
0
0
0
0
0
0
0
0
0
0
0
0
0
0
0
0
0
0
0
0
1
-1 366.4638671875 158.90048217773438 20.76641845703125 25.32275390625
0
0
1
-1 366.0942687988281 160.00814819335938 21.12005615234375 27.5408935546875
1
-1 365.08123779296875 160.83087158203125 21.0673828125 25.720245361328125
1
42.0 363.74273681640625 161.78652954101562 21.111358642578125 24.67529296875
1
42.0 362.61163330078125 165.01889038085938 21.75946044921875 20.830474853515625
1
42.0 362.2335205078125 165.99673461914062 21.99896240234375 19.590164184570312
1
42.0 362.16021728515625 166.01202392578125 21.64776611328125 18.891220092773438
1
42.0 361.91552734375 166.49102783203125 23.185211181640625 19.671279907226562
1
42.0 360.84844970703125 166.390380859375 24.66729736328125 19.485580444335938
1
42.0 360.5794372558594 165.91290283203125 27.33935546875 21.528884887695312
1
42.0 361.0105285644531 165.1575164794922 28.1163330078125 24.220001220703125
1
42.0 360.88433837890625 165.5762481689453 28.818695068359375 23.35821533203125
1
42.0 360.8771057128906 165.7796630859375 29.07464599609375 22.994552612304688
1
42.0 360.8433532714844 163.54632568359375 31.038330078125 26.422805786132812
1
42.0 361.7798767089844 162.45298767089844 29.75048828125 29.3358154296875
1
42.0 361.80780029296875 161.6842041015625 29.121185302734375 31.163467407226562
1
42.0 361.8408203125 161.3245849609375 28.92596435546875 31.959732055664062
1
42.0 361.7250671386719 159.78970336914062 29.15399169921875 33.459686279296875
1
42.0 361.5166015625 156.37672424316406 26.880584716796875 35.97247314453125
1
42.0 363.702880859375 150.8215789794922 26.118499755859375 33.936126708984375
1
-1 369.86737060546875 129.33990478515625 25.4150390625 26.71332550048828
0
0
0
0
0
0
0
0
0
0
0
0
0
0
0
0
0
0
0
0
0
0
0
0
0
0
0
0
0
0
0
0
0
0
0
0
0
0
0
0
0
0
0
0
0
0
0
0
0
0
0
0
0
0
0
0
0
0
0
0
0
0
0
0
0
0
0
0
0
0
0
0
0
0
0
0
0
0
0
0
0
0
0
0
0
0
0
0
0
0
0
0
0
0
0
0
0
0
0
0
0
0
0
0
0
0
0
0
0
0
0
0
0
0
0
0
0
0
0
0
0
0
0
0
0
0
0
0
0
0
0
0
0
0
0
0
0
0
0
0
0
0
0
0
0
0
0
0
0
0
0
0
0
0
0
0
0
0
0
0
0
0
0
0
0
0
0
0
0
0
0
0
0
0
0
0
0
0
0
0
0
0
0
0
0
0
0
0
0
0
0
0
0
0
0
0
0
0
0
0
0
0
0
0
0
0
1
-1 366.08709716796875 160.13336181640625 21.9788818359375 24.233367919921875
1
42.0 364.819580078125 155.27728271484375 26.54119873046875 30.021759033203125
1
42.0 365.0259094238281 156.1886749267578 26.60693359375 29.4171142578125
1
42.0 364.2991638183594 156.27389526367188 27.1593017578125 28.126785278320312
1
42.0 363.4906311035156 155.29135131835938 26.29803466796875 29.559738159179688
1
42.0 361.0349426269531 155.21026611328125 31.1678466796875 29.936981201171875
0
0
0
0
0
0
0
0
0
0
0
0
0
0
0
0
0
0
0
0
0
0
0
0
0
0
0
0
0
0
0
0
0
0
0
0
0
0
0
0
0
0
0
0
0
0
0
0
0
0
0
0
0
0
0
0
0
0
0
0
0
0
0
0
0
0
0
0
0
0
0
0
0
0
0
0
0
0
0
0
0
0
0
0
0
0
0
0
0
0
0
0
0
0
0
0
0
0
0
0
0
0
0
0
0
0
0
0
0
0
0
0
0
0
0
0
0
0
0
0
0
0
0
0
0
0
0
0
0
0
0
1
42.0 365.6507568359375 157.68133544921875 25.810546875 26.1849365234375
1
42.0 367.7856140136719 158.76370239257812 23.25701904296875 24.824996948242188
1
42.0 368.82342529296875 158.780029296875 22.777313232421875 24.148330688476562
1
42.0 368.8700256347656 159.71141052246094 23.37420654296875 25.52471923828125
1
42.0 369.16729736328125 159.73452758789062 25.105377197265625 25.436370849609375
1
42.0 369.656982421875 160.841796875 25.842437744140625 26.836532592773438
1
42.0 369.955078125 160.9869842529297 26.708282470703125 27.43927001953125
1
42.0 370.5032958984375 162.01171875 26.850067138671875 29.7786865234375
1
42.0 370.6318359375 162.45541381835938 26.922515869140625 30.452865600585938
1
42.0 370.55535888671875 163.679931640625 26.376983642578125 33.43017578125
1
42.0 372.4193115234375 167.623779296875 23.3829345703125 28.245620727539062
1
42.0 371.12890625 169.69308471679688 23.0299072265625 25.889572143554688
1
42.0 370.651123046875 170.46090698242188 22.80596923828125 25.027313232421875
1
42.0 370.603759765625 171.762451171875 21.814453125 22.603225708007812
1
42.0 371.2911376953125 171.79812622070312 21.563995361328125 21.861541748046875
1
42.0 372.39532470703125 171.64471435546875 23.80584716796875 22.134109497070312
1
42.0 372.31982421875 171.24618530273438 23.7027587890625 20.950149536132812
1
42.0 372.02191162109375 170.90570068359375 23.774505615234375 20.338394165039062
1
42.0 371.52349853515625 171.27908325195312 24.024505615234375 20.073394775390625
1
42.0 371.34747314453125 171.46328735351562 24.09490966796875 19.874298095703125
1
42.0 370.89697265625 170.32595825195312 25.243865966796875 21.798599243164062
1
42.0 370.7454833984375 166.88314819335938 26.402313232421875 27.780654907226562
1
42.0 370.9451904296875 165.04989624023438 27.267974853515625 30.292236328125
1
42.0 371.595947265625 164.95947265625 27.21527099609375 30.351715087890625
1
42.0 371.9237060546875 165.02481079101562 27.165679931640625 30.192581176757812
1
42.0 372.41412353515625 166.2989501953125 25.2569580078125 30.644912719726562
1
42.0 371.5225524902344 166.5268096923828 26.31292724609375 34.730377197265625
1
42.0 372.36236572265625 166.4678955078125 25.924774169921875 33.99334716796875
1
42.0 372.7598571777344 166.15602111816406 28.760009765625 33.8624267578125
1
42.0 373.14031982421875 167.11471557617188 27.5634765625 32.19190979003906
1
42.0 371.77374267578125 165.41893005371094 28.10174560546875 33.159332275390625
1
42.0 371.1771240234375 164.66600036621094 28.262481689453125 33.5301513671875
1
42.0 371.26324462890625 163.39324951171875 28.466522216796875 34.08045959472656
1
42.0 375.02880859375 164.3834686279297 25.750457763671875 36.34478759765625
1
42.0 378.20220947265625 164.48960876464844 22.985076904296875 33.8411865234375
1
42.0 378.3160705566406 163.21914672851562 23.63018798828125 32.24113464355469
1
42.0 378.431640625 162.7085418701172 23.982879638671875 31.720733642578125
1
42.0 378.55084228515625 161.1976776123047 23.235198974609375 32.361846923828125
1
42.0 378.34588623046875 160.50262451171875 22.744537353515625 32.97099304199219
1
42.0 378.12030029296875 160.05715942382812 22.749298095703125 33.74873352050781
1
42.0 377.90411376953125 159.77035522460938 22.449188232421875 34.22845458984375
1
42.0 378.0230712890625 158.7738800048828 21.560028076171875 34.826446533203125
1
42.0 377.869873046875 158.1207275390625 20.934844970703125 35.083099365234375
1
42.0 377.8337707519531 157.88839721679688 20.74786376953125 35.16648864746094
1
42.0 378.1817626953125 157.867919921875 20.94195556640625 35.40440368652344
1
42.0 378.7964782714844 157.67727661132812 21.75457763671875 35.29234313964844
1
42.0 379.68902587890625 156.85531616210938 22.438873291015625 35.09684753417969
1
42.0 379.0101318359375 155.00357055664062 22.520355224609375 34.9271240234375
1
42.0 378.7425842285156 154.3464813232422 22.551513671875 34.924041748046875
1
42.0 377.9610595703125 153.33551025390625 23.007293701171875 35.61488342285156
1
42.0 376.8675537109375 152.04644775390625 22.201202392578125 36.45509338378906
1
42.0 376.27960205078125 151.0604705810547 22.321746826171875 36.852783203125
1
42.0 375.5374755859375 149.83938598632812 21.687896728515625 36.21434020996094
1
42.0 373.8315734863281 144.9123077392578 26.43316650390625 31.550079345703125
0
1
-1 373.20050048828125 126.65592956542969 28.8704833984375 27.829833984375
0
0
0
0
0
0
0
0
0
0
0
0
0
0
0
0
0
0
0
0
1
-1 367.35748291015625 159.60780334472656 20.384765625 24.894805908203125
0
0
1
-1 369.54937744140625 159.45361328125 21.87060546875 24.20465087890625
0
1
-1 369.1830139160156 159.3535919189453 20.62042236328125 24.46942138671875
0
0
1
-1 368.49542236328125 159.74681091308594 20.6405029296875 23.78997802734375
1
-1 367.9220886230469 160.67733764648438 21.3004150390625 26.40325927734375
1
44.0 367.83575439453125 160.64476013183594 21.666961669921875 25.9141845703125
1
44.0 368.1636657714844 160.6141357421875 21.07220458984375 24.637786865234375
1
44.0 368.51580810546875 160.6586456298828 20.91180419921875 23.8321533203125
1
44.0 368.16632080078125 160.7912139892578 20.797515869140625 24.277496337890625
1
44.0 368.05712890625 160.8560028076172 20.73443603515625 24.3048095703125
1
44.0 368.650390625 161.2718048095703 20.909271240234375 23.84930419921875
1
44.0 369.3322448730469 160.84280395507812 19.0797119140625 22.902786254882812
0
1
44.0 369.2566833496094 163.71511840820312 22.0244140625 30.327377319335938
1
44.0 369.22576904296875 164.5941162109375 22.922882080078125 32.721435546875
1
44.0 368.64556884765625 164.86355590820312 23.480743408203125 35.50077819824219
1
44.0 367.6026611328125 165.0255126953125 22.075347900390625 35.78053283691406
1
44.0 367.90350341796875 168.44393920898438 22.690216064453125 31.324142456054688
1
44.0 367.823486328125 172.03695678710938 24.560546875 26.1072998046875
1
44.0 367.754150390625 173.32501220703125 23.752105712890625 23.41387939453125
1
44.0 367.8874206542969 174.2209930419922 22.559814453125 22.102447509765625
1
44.0 368.001220703125 174.4251708984375 22.12835693359375 21.758926391601562
0
0
0
0
0
0
0
0
0
0
0
0
0
0
0
0
0
0
0
0
0
0
0
0
0
0
0
0
0
0
0
0
0
0
0
0
0
0
0
0
0
0
0
0
0
0
0
0
0
0
0
0
0
0
0
0
0
0
0
1
-1 369.49237060546875 154.24969482421875 24.1571044921875 22.630859375
1
45.0 370.18707275390625 153.67233276367188 26.245269775390625 22.890701293945312
1
45.0 370.4627685546875 153.67437744140625 25.369171142578125 23.689865112304688
1
45.0 371.3929443359375 153.91851806640625 25.452362060546875 24.755142211914062
1
45.0 371.68902587890625 154.00341796875 25.707366943359375 25.139572143554688
1
45.0 372.0013732910156 153.1649169921875 24.71044921875 27.43084716796875
1
45.0 372.55621337890625 152.0618133544922 24.11761474609375 29.45013427734375
1
45.0 372.7135314941406 151.3253173828125 23.22003173828125 30.364059448242188
1
45.0 371.91107177734375 150.33241271972656 24.27374267578125 30.96826171875
1
45.0 371.47857666015625 149.87017822265625 24.21087646484375 31.833877563476562
0
0
0
0
0
0
0
0
0
0
0
0
0
0
0
0
0
0
0
0
0
0
0
0
0
0
0
0
0
0
0
0
0
0
0
0
0
0
0
1
-1 251.5617218017578 162.6844940185547 28.403656005859375 30.949676513671875
1
-1 253.91714477539062 158.72885131835938 26.24365234375 26.25372314453125
1
46.0 251.76036071777344 159.49720764160156 28.471893310546875 24.23016357421875
1
46.0 251.2489776611328 159.70205688476562 28.917816162109375 23.948638916015625
0
1
-1 235.69488525390625 167.95687866210938 25.820037841796875 20.46807861328125
1
-1 227.47691345214844 179.72268676757812 24.580047607421875 28.139678955078125
1
-1 226.89239501953125 184.61331176757812 24.95416259765625 22.98651123046875
1
48.0 226.18528747558594 185.00262451171875 23.23211669921875 23.779220581054688
1
48.0 224.814697265625 184.20950317382812 21.92767333984375 21.0872802734375
1
48.0 224.40255737304688 183.914306640625 21.606979370117188 20.219345092773438
1
48.0 223.61514282226562 183.006591796875 21.226272583007812 21.222610473632812
1
48.0 223.67056274414062 183.22293090820312 19.419769287109375 19.425628662109375
1
48.0 223.5553741455078 183.1167755126953 18.0673828125 18.0933837890625
1
48.0 223.43212890625 182.3259735107422 17.752685546875 18.720703125
1
48.0 223.41815185546875 182.00375366210938 17.741119384765625 19.075668334960938
1
48.0 222.80020141601562 181.719482421875 16.729446411132812 19.012298583984375
1
48.0 221.1523895263672 180.58367919921875 13.968353271484375 20.351974487304688
0
0
0
0
0
0
0
0
0
0
0
0
0
0
0
0
0
0
0
0
0
0
0
0
0
0
0
0
0
0
0
0
0
0
0
1
-1 360.79833984375 121.70075988769531 18.7938232421875 19.0294189453125
1
49.0 358.037841796875 120.35857391357422 21.882293701171875 19.947097778320312
1
49.0 357.55657958984375 119.96758270263672 22.438934326171875 20.210006713867188
0
0
0
0
0
0
0
0
0
1
-1 368.83294677734375 157.95263671875 22.26019287109375 23.25360107421875
1
50.0 369.0716247558594 158.32534790039062 22.13677978515625 23.670272827148438
1
50.0 369.1436767578125 158.3145751953125 22.146453857421875 23.850418090820312
0
0
0
0
0
1
50.0 369.2381591796875 158.93792724609375 23.053070068359375 23.831466674804688
1
50.0 369.28814697265625 159.08961486816406 23.431304931640625 24.035125732421875
1
50.0 370.121337890625 160.71173095703125 24.6278076171875 26.670303344726562
1
50.0 369.916015625 161.92625427246094 25.723358154296875 29.02166748046875
1
50.0 370.114501953125 162.81524658203125 25.719940185546875 30.789154052734375
1
50.0 370.3622741699219 162.56634521484375 25.75115966796875 30.093673706054688
1
50.0 370.4842529296875 162.4005126953125 25.721282958984375 29.725692749023438
1
50.0 371.59234619140625 161.85833740234375 27.420745849609375 28.327438354492188
1
50.0 372.00274658203125 161.62791442871094 28.054779052734375 27.787078857421875
1
50.0 372.8933410644531 161.4419403076172 27.8179931640625 26.2646484375
1
50.0 372.94830322265625 161.5906982421875 26.444244384765625 23.771575927734375
1
50.0 373.7340087890625 161.61837768554688 26.272613525390625 22.236984252929688
1
50.0 374.081787109375 161.16204833984375 26.53253173828125 20.670166015625
1
50.0 374.26470947265625 161.0537109375 26.572601318359375 20.156692504882812
0
0
0
0
0
0
0
0
0
0
0
0
0
0
0
0
0
0
0
0
1
50.0 370.4100341796875 159.13693237304688 23.3572998046875 21.673782348632812
1
50.0 368.6040344238281 158.95123291015625 21.30224609375 23.362930297851562
1
50.0 367.9913330078125 158.96749877929688 20.652099609375 24.0262451171875
1
50.0 368.80682373046875 159.7251434326172 23.333648681640625 26.0059814453125
1
50.0 369.5597229003906 160.31167602539062 24.71771240234375 26.09124755859375
1
50.0 370.1013488769531 160.17837524414062 26.17266845703125 26.113815307617188
1
50.0 370.5281982421875 159.60772705078125 26.744903564453125 24.507980346679688
1
50.0 370.7155456542969 159.37745666503906 26.953125 23.86102294921875
1
50.0 371.05303955078125 159.52615356445312 27.878997802734375 24.478134155273438
1
50.0 371.46600341796875 160.04063415527344 30.375762939453125 26.399627685546875
1
50.0 371.23162841796875 162.78358459472656 27.908233642578125 28.5003662109375
1
50.0 373.521240234375 166.01943969726562 24.71575927734375 27.468002319335938
1
50.0 373.2550048828125 165.7821807861328 25.152496337890625 31.572357177734375
1
50.0 373.600341796875 166.50204467773438 24.729644775390625 32.32090759277344
1
50.0 373.661865234375 166.7298126220703 24.463531494140625 32.437286376953125
1
50.0 373.7108154296875 167.0244903564453 24.2928466796875 31.7962646484375
1
50.0 373.8328857421875 167.70059204101562 23.812713623046875 30.229141235351562
1
50.0 374.0635986328125 167.93740844726562 23.848663330078125 29.096023559570312
1
50.0 373.54931640625 167.3504180908203 22.915191650390625 28.087646484375
1
50.0 373.3306579589844 167.05068969726562 22.5933837890625 27.845993041992188
1
50.0 373.8318176269531 167.75717163085938 21.20587158203125 26.098495483398438
1
50.0 374.3558654785156 167.04824829101562 19.94219970703125 23.662155151367188
1
50.0 374.0311279296875 167.14199829101562 19.899261474609375 22.909622192382812
1
50.0 374.10369873046875 166.5186767578125 20.385162353515625 21.248214721679688
1
50.0 374.875244140625 166.21820068359375 20.499542236328125 19.424636840820312
1
50.0 376.070556640625 165.4700927734375 20.4676513671875 18.480865478515625
1
50.0 376.47686767578125 165.24964904785156 20.464202880859375 18.19818115234375
1
50.0 377.55975341796875 164.3079376220703 20.476837158203125 18.426483154296875
1
50.0 378.31182861328125 162.8060302734375 20.09039306640625 23.26300048828125
1
50.0 378.96337890625 162.02633666992188 20.8865966796875 25.694564819335938
1
50.0 379.362548828125 161.54766845703125 21.34356689453125 27.776199340820312
1
50.0 379.50146484375 161.32864379882812 21.569183349609375 28.632217407226562
1
50.0 379.21697998046875 160.41510009765625 21.00494384765625 29.98858642578125
1
50.0 379.35601806640625 158.6868438720703 20.495574951171875 31.436737060546875
1
50.0 379.0419921875 155.74862670898438 19.95745849609375 32.748992919921875
1
50.0 377.6004333496094 153.0660400390625 18.83245849609375 34.11236572265625
1
50.0 378.599365234375 147.81365966796875 22.138671875 32.30360412597656
0
0
1
-1 259.87200927734375 210.68283081054688 24.09521484375 23.097503662109375
0
1
-1 254.29246520996094 217.06640625 23.683319091796875 29.50384521484375
1
-1 255.2495880126953 210.341064453125 24.196075439453125 37.7872314453125
1
52.0 255.40130615234375 210.219970703125 24.332260131835938 37.95079040527344
1
52.0 256.9200744628906 204.2189178466797 23.61651611328125 40.448455810546875
1
52.0 257.9344787597656 199.4595947265625 22.893478393554688 41.122039794921875
1
52.0 255.85504150390625 197.175537109375 21.007308959960938 37.89427185058594
1
52.0 252.1025848388672 195.8722686767578 25.413909912109375 32.8990478515625
1
52.0 248.1595458984375 194.53811645507812 27.951431274414062 28.659423828125
1
52.0 244.6680908203125 194.14610290527344 30.335617065429688 24.85528564453125
1
52.0 243.357421875 194.1898193359375 31.27044677734375 23.916336059570312
1
52.0 241.118896484375 191.85113525390625 30.969192504882812 22.819107055664062
1
52.0 235.85134887695312 189.7236328125 30.776824951171875 21.119583129882812
1
52.0 231.6705322265625 187.33213806152344 29.720489501953125 21.662841796875
1
52.0 230.20657348632812 186.66073608398438 29.287918090820312 21.856338500976562
1
52.0 228.54449462890625 186.440673828125 28.777359008789062 22.350662231445312
1
52.0 225.64208984375 184.45135498046875 25.593093872070312 22.440521240234375
1
52.0 223.2305908203125 183.06167602539062 21.019439697265625 20.861740112304688
1
52.0 222.02005004882812 181.5806121826172 18.019927978515625 20.1400146484375
2
52.0 221.1911163330078 180.61083984375 15.815948486328125 20.123275756835938
53.0 367.75274658203125 159.85960388183594 23.085296630859375 26.43475341796875
2
52.0 219.42660522460938 179.07974243164062 12.688446044921875 21.062255859375
53.0 367.706298828125 160.13156127929688 23.777740478515625 27.1895751953125
2
52.0 219.06777954101562 178.5223388671875 11.819259643554688 21.459060668945312
53.0 367.71820068359375 160.25991821289062 24.02630615234375 27.42962646484375
1
53.0 368.30303955078125 160.3606414794922 24.32159423828125 27.16705322265625
1
53.0 369.58502197265625 161.03497314453125 25.482940673828125 26.980758666992188
1
53.0 369.97613525390625 162.05133056640625 26.461090087890625 29.897872924804688
1
53.0 370.6912841796875 163.92648315429688 25.355194091796875 33.530914306640625
1
53.0 370.93975830078125 164.58645629882812 24.948028564453125 34.95654296875
1
53.0 370.9321594238281 164.48809814453125 25.7733154296875 34.56727600097656
1
53.0 371.58892822265625 164.95135498046875 25.913726806640625 34.8250732421875
1
53.0 371.9705810546875 166.2618408203125 27.027008056640625 31.839401245117188
1
53.0 372.75897216796875 167.5607147216797 26.279815673828125 30.5821533203125
1
53.0 373.1070556640625 167.55572509765625 25.834320068359375 30.516372680664062
1
53.0 373.14617919921875 166.48745727539062 26.628570556640625 29.886672973632812
1
53.0 373.255126953125 166.31390380859375 26.843292236328125 29.208602905273438
0
0
0
0
0
0
0
0
0
0
0
0
0
0
0
0
0
0
0
0
0
0
0
0
0
0
0
0
0
0
0
0
0
0
0
0
0
0
0
0
0
0
0
0
0
0
0
0
0
0
0
0
0
0
0
0
0
0
0
0
0
0
0
0
0
0
0
0
0
0
0
0
0
0
0
0
0
0
0
0
