854
1
1.0 459.2701110839844 466.81414794921875 43.502197265625 40.7940673828125
1
1.0 462.6896057128906 468.4818115234375 46.40765380859375 39.429229736328125
1
1.0 466.26165771484375 468.715087890625 56.189239501953125 44.652374267578125
1
1.0 467.88671875 468.19012451171875 61.953094482421875 49.2972412109375
1
1.0 470.643310546875 468.96539306640625 67.68121337890625 49.136962890625
1
1.0 473.78765869140625 468.1700439453125 74.00839233398438 49.4234619140625
1
1.0 474.8285217285156 468.44207763671875 76.47186279296875 47.28582763671875
1
1.0 475.8294677734375 468.38348388671875 76.1849365234375 46.37713623046875
1
1.0 476.4747314453125 469.1050720214844 75.46939086914062 46.40350341796875
2
1.0 475.65252685546875 470.0209045410156 75.36221313476562 48.44427490234375
2.0 307.4852294921875 467.31475830078125 40.862884521484375 43.299285888671875
2
1.0 475.2705078125 469.79443359375 76.4166259765625 47.997039794921875
2.0 311.56097412109375 468.235595703125 48.183868408203125 46.0372314453125
2
1.0 475.0274658203125 468.7394714355469 74.7755126953125 47.34710693359375
2.0 313.7722473144531 469.42755126953125 51.99383544921875 48.6441650390625
2
1.0 475.134521484375 468.86871337890625 73.16998291015625 46.651031494140625
2.0 315.3508605957031 470.2593078613281 55.13519287109375 49.2020263671875
2
1.0 475.4601135253906 468.57366943359375 72.16015625 46.33905029296875
2.0 317.2579650878906 470.7142639160156 58.0897216796875 48.27166748046875
2
1.0 475.3671875 467.883056640625 71.72744750976562 44.635650634765625
2.0 319.3839416503906 470.5589904785156 63.7958984375 49.49810791015625
2
1.0 474.12713623046875 466.17669677734375 70.91152954101562 46.109466552734375
2.0 321.32342529296875 472.5038757324219 69.36529541015625 54.67230224609375
2
1.0 474.06939697265625 464.6015319824219 71.76504516601562 49.0780029296875
2.0 322.65252685546875 475.8855895996094 73.29275512695312 61.50445556640625
2
1.0 473.54461669921875 464.1880798339844 69.14056396484375 49.19451904296875
2.0 323.8310546875 476.7406005859375 74.27145385742188 62.604339599609375
2
1.0 474.53564453125 461.6895446777344 61.903472900390625 48.901123046875
2.0 322.22332763671875 477.42059326171875 80.29226684570312 61.260467529296875
2
1.0 474.5234680175781 458.00140380859375 56.30780029296875 50.989715576171875
2.0 322.48333740234375 475.58978271484375 85.63137817382812 57.098388671875
2
1.0 472.6241149902344 458.2352294921875 51.8287353515625 47.692962646484375
2.0 323.2131042480469 474.373046875 88.61029052734375 54.274658203125
2
1.0 478.40673828125 454.3179931640625 47.213470458984375 52.478973388671875
2.0 323.5539245605469 473.2908935546875 90.10272216796875 51.385101318359375
2
1.0 480.69964599609375 452.9242858886719 46.602142333984375 56.330078125
2.0 325.5539855957031 473.037841796875 86.95526123046875 49.831024169921875
2
1.0 482.9114990234375 452.89453125 44.265960693359375 57.797515869140625
2.0 331.49700927734375 476.728759765625 76.56393432617188 62.802703857421875
2
1.0 485.18426513671875 450.9979248046875 41.02813720703125 60.575592041015625
2.0 333.8333740234375 477.3800048828125 65.89437866210938 72.24072265625
2
1.0 485.73284912109375 450.1063232421875 41.449615478515625 62.0845947265625
2.0 334.4625549316406 477.9398498535156 61.6063232421875 74.16290283203125
2
1.0 487.7734375 449.9891357421875 40.739593505859375 65.78021240234375
2.0 335.14508056640625 477.269775390625 59.9381103515625 75.17941284179688
2
1.0 489.48431396484375 449.6014404296875 41.31683349609375 67.13101196289062
2.0 335.430908203125 476.705078125 58.876434326171875 74.98861694335938
3
1.0 489.449462890625 447.10284423828125 40.467041015625 68.9957275390625
2.0 334.98211669921875 474.40264892578125 57.061676025390625 75.69253540039062
4.0 695.188232421875 532.056640625 57.9896240234375 66.27798461914062
3
1.0 489.72412109375 446.7020568847656 42.364837646484375 67.15911865234375
2.0 335.8424072265625 472.8570556640625 56.32757568359375 75.12332153320312
4.0 713.7384033203125 543.9986572265625 74.13177490234375 74.02023315429688
2
1.0 490.95367431640625 445.00103759765625 41.545562744140625 65.89495849609375
2.0 337.95135498046875 469.98614501953125 56.5467529296875 76.05047607421875
2
1.0 493.0853271484375 440.8021240234375 41.737030029296875 62.808868408203125
2.0 337.30584716796875 465.3447265625 57.224151611328125 74.0838623046875
2
1.0 497.99078369140625 430.59832763671875 46.9920654296875 66.95114135742188
2.0 336.7861328125 461.7216796875 59.813323974609375 73.04449462890625
2
1.0 505.6346740722656 413.8426513671875 47.75164794921875 65.76242065429688
2.0 336.80450439453125 457.664794921875 59.08245849609375 75.63864135742188
1
2.0 336.89532470703125 455.13238525390625 62.30267333984375 77.44879150390625
1
2.0 336.09735107421875 451.04803466796875 56.956512451171875 77.96145629882812
1
2.0 338.5218811035156 448.6717834472656 54.85357666015625 72.7569580078125
1
2.0 340.62884521484375 447.2441101074219 57.089996337890625 69.17095947265625
1
2.0 339.8944091796875 446.49072265625 54.647003173828125 67.4384765625
1
2.0 336.2671813964844 444.36492919921875 58.1558837890625 66.97216796875
1
2.0 335.14898681640625 444.3931884765625 58.510406494140625 64.98379516601562
1
2.0 335.14697265625 444.2889404296875 59.2427978515625 65.38986206054688
1
2.0 336.2452392578125 441.9066467285156 59.98797607421875 67.3634033203125
1
2.0 340.6368408203125 428.652099609375 56.892486572265625 65.70761108398438
1
2.0 350.98846435546875 410.5694885253906 55.571746826171875 58.26727294921875
1
2.0 360.03265380859375 402.72247314453125 51.574188232421875 53.677825927734375
1
2.0 360.79254150390625 395.135009765625 49.287750244140625 57.949188232421875
1
2.0 356.75677490234375 381.4825439453125 43.956146240234375 59.45343017578125
1
2.0 352.0376281738281 379.5382385253906 41.64166259765625 58.5343017578125
1
2.0 361.91607666015625 381.2836608886719 37.591705322265625 52.56610107421875
1
-1 385.503662109375 380.43804931640625 38.77264404296875 54.1749267578125
1
-1 411.42864990234375 365.421875 37.6461181640625 50.7501220703125
2
-1 717.560302734375 444.7129821777344 54.688720703125 54.3751220703125
-1 432.991455078125 362.42474365234375 35.890625 45.8692626953125
2
-1 696.6331176757812 469.7400817871094 57.59814453125 57.02862548828125
-1 465.96209716796875 361.219482421875 36.3345947265625 41.5546875
1
-1 684.5755615234375 499.19940185546875 56.2060546875 66.0863037109375
1
-1 676.4631958007812 549.50830078125 53.691650390625 65.047607421875
2
-1 668.01318359375 586.3864135742188 53.5595703125 66.0045166015625
-1 579.3253784179688 351.83135986328125 39.7994384765625 45.81005859375
1
-1 604.7166137695312 354.02020263671875 49.3162841796875 48.792724609375
1
17.0 614.9725341796875 357.85284423828125 60.33587646484375 49.918304443359375
1
17.0 616.2588500976562 362.83050537109375 70.693359375 51.0654296875
1
17.0 603.91845703125 370.49017333984375 71.59722900390625 48.37786865234375
1
17.0 579.398681640625 386.67645263671875 66.60150146484375 49.26416015625
1
-1 543.5325927734375 417.78436279296875 62.664306640625 54.8607177734375
1
-1 523.892333984375 442.5125732421875 64.42794799804688 62.68115234375
2
-1 515.1072998046875 470.3818664550781 64.12356567382812 58.47332763671875
-1 797.4420776367188 463.4563293457031 45.37548828125 40.0511474609375
2
-1 513.0889892578125 500.958740234375 67.7862548828125 52.438690185546875
-1 801.718017578125 435.03009033203125 44.717529296875 38.2186279296875
2
21.0 514.3240966796875 515.5162963867188 63.7451171875 49.1962890625
22.0 811.9632568359375 427.5970153808594 49.06890869140625 37.47540283203125
2
-1 826.8806762695312 443.83636474609375 41.2913818359375 36.4473876953125
-1 514.3065795898438 553.20947265625 67.08740234375 55.123046875
1
-1 501.4483642578125 578.8658447265625 53.7166748046875 60.051513671875
1
-1 483.584228515625 591.8804931640625 57.2796630859375 56.111328125
1
-1 460.09466552734375 606.6118774414062 57.56494140625 49.103759765625
0
1
-1 401.2880554199219 611.945068359375 50.09771728515625 59.49365234375
0
0
1
-1 373.97607421875 579.6995849609375 38.8602294921875 46.449462890625
0
0
1
-1 433.13800048828125 615.9811401367188 44.14111328125 61.0595703125
1
29.0 438.357421875 620.56396484375 44.551727294921875 58.70880126953125
1
29.0 432.66436767578125 623.8271484375 45.425445556640625 54.84991455078125
1
29.0 411.5135498046875 622.2849731445312 50.705352783203125 52.0030517578125
1
29.0 396.2115783691406 615.2808837890625 43.18609619140625 52.265380859375
1
-1 1090.1551513671875 683.6663818359375 107.2490234375 72.66717529296875
0
1
-1 452.3570556640625 609.1215209960938 44.2425537109375 57.7901611328125
1
-1 497.4151306152344 614.6536865234375 42.70318603515625 49.144287109375
0
0
0
0
0
0
0
0
0
0
1
-1 544.3499755859375 598.0504150390625 40.522216796875 46.7403564453125
1
-1 559.744384765625 574.007568359375 44.37939453125 50.778564453125
1
33.0 574.173583984375 568.3323974609375 55.9385986328125 51.49798583984375
1
33.0 586.3565063476562 571.8171997070312 56.84619140625 53.3563232421875
1
33.0 601.60498046875 578.501953125 54.7291259765625 54.4573974609375
1
33.0 619.1442260742188 590.8541259765625 55.966064453125 54.3524169921875
0
0
0
0
0
0
0
0
0
0
0
0
0
0
0
0
0
0
1
-1 288.4034423828125 687.0264892578125 39.4691162109375 60.029296875
0
0
0
0
0
0
0
1
-1 814.9254150390625 703.9656982421875 64.2783203125 32.068603515625
1
-1 832.1691284179688 687.2327880859375 53.2777099609375 62.6015625
2
-1 248.54388427734375 52.74855041503906 52.673583984375 61.07014465332031
-1 862.8699340820312 665.4392700195312 52.149169921875 51.0638427734375
1
-1 324.678466796875 202.36795043945312 55.53955078125 66.5570068359375
0
0
0
0
0
0
0
0
0
0
0
0
0
0
0
0
0
1
-1 867.707275390625 601.8479614257812 55.0322265625 61.8192138671875
1
-1 457.69085693359375 461.51641845703125 30.0562744140625 39.921142578125
1
-1 457.6732482910156 459.31866455078125 30.448974609375 41.13946533203125
2
-1 458.4355773925781 456.51275634765625 32.36553955078125 48.25732421875
-1 807.5162353515625 507.0679931640625 53.27978515625 47.316436767578125
1
41.0 458.7259521484375 457.2015380859375 31.985809326171875 47.41448974609375
1
41.0 459.02105712890625 456.05950927734375 34.5816650390625 49.439117431640625
1
41.0 460.706787109375 454.1335144042969 37.896697998046875 55.166748046875
2
41.0 459.9635009765625 454.34033203125 37.888397216796875 55.756256103515625
44.0 739.851806640625 428.3856201171875 54.16754150390625 44.397216796875
2
41.0 457.9613037109375 452.16986083984375 35.922210693359375 59.174346923828125
44.0 729.2792358398438 414.0834655761719 62.2991943359375 47.85125732421875
2
41.0 456.94287109375 451.81671142578125 36.4864501953125 61.047454833984375
44.0 721.66259765625 412.45709228515625 65.36968994140625 49.704620361328125
1
41.0 455.58758544921875 451.0126953125 37.462554931640625 62.366790771484375
1
41.0 452.673583984375 450.8633117675781 40.452056884765625 61.016845703125
1
41.0 451.55780029296875 450.2956237792969 45.404693603515625 62.77606201171875
1
41.0 451.45458984375 451.4454345703125 45.27154541015625 63.389862060546875
1
41.0 452.0462646484375 450.34112548828125 47.527130126953125 64.24917602539062
1
41.0 450.3046875 450.7677917480469 49.153564453125 65.8397216796875
1
41.0 449.27508544921875 448.978515625 48.615264892578125 67.37490844726562
1
41.0 447.218994140625 448.57177734375 52.035980224609375 67.29718017578125
1
41.0 446.91552734375 449.549072265625 52.839324951171875 67.09567260742188
1
41.0 446.91461181640625 449.4920959472656 53.645599365234375 67.12030029296875
1
41.0 448.9124755859375 450.7107238769531 53.26019287109375 67.07781982421875
1
41.0 452.1073303222656 452.9277648925781 53.65216064453125 64.8599853515625
1
41.0 453.76336669921875 452.4874267578125 53.18060302734375 65.0262451171875
2
41.0 454.62884521484375 451.7342529296875 51.502471923828125 68.27169799804688
44.0 610.3146362304688 356.8831481933594 64.4139404296875 43.9913330078125
2
41.0 458.1927490234375 450.4508056640625 49.071075439453125 67.67385864257812
51.0 553.15576171875 413.203369140625 44.88873291015625 62.659576416015625
1
41.0 470.88323974609375 451.7818603515625 52.821502685546875 62.943572998046875
0
1
41.0 471.5306701660156 438.6300048828125 53.83270263671875 59.223907470703125
1
41.0 468.2120361328125 436.63079833984375 54.99591064453125 54.22784423828125
2
41.0 458.48663330078125 448.7676086425781 53.989044189453125 57.225341796875
56.0 591.3350830078125 527.7286376953125 64.11517333984375 68.98468017578125
1
56.0 597.059814453125 529.770751953125 63.80804443359375 72.50186157226562
2
56.0 602.712646484375 536.795654296875 69.77752685546875 70.7901611328125
57.0 430.155029296875 487.03973388671875 50.712249755859375 59.940185546875
1
56.0 596.5040283203125 552.859619140625 71.12261962890625 62.84765625
1
56.0 580.9761962890625 564.3159790039062 61.40570068359375 64.0906982421875
2
56.0 580.7694091796875 566.46337890625 52.39544677734375 68.71563720703125
58.0 460.0064697265625 546.0026245117188 54.128021240234375 54.4061279296875
1
56.0 594.8829956054688 569.7681884765625 54.8883056640625 63.4195556640625
1
56.0 600.7576904296875 566.4815673828125 54.8154296875 61.2091064453125
1
-1 447.79779052734375 605.2723388671875 55.629638671875 55.95068359375
2
-1 549.6622314453125 492.20697021484375 51.046142578125 56.7108154296875
-1 420.60858154296875 607.4835815429688 46.5487060546875 50.2401123046875
2
-1 531.4349365234375 433.046875 48.8785400390625 65.6983642578125
-1 390.5901184082031 600.75146484375 49.6220703125 41.4453125
1
-1 507.22894287109375 372.969970703125 49.1707763671875 55.4620361328125
1
-1 472.2652587890625 316.7882080078125 49.42706298828125 50.26220703125
2
-1 434.34619140625 261.0762023925781 36.3604736328125 44.03814697265625
-1 229.2832489013672 586.9718017578125 41.796966552734375 65.8828125
3
-1 412.359619140625 211.629638671875 42.0421142578125 52.4471435546875
-1 181.34286499023438 571.7969970703125 46.3004150390625 58.112548828125
-1 1019.4540405273438 276.0888671875 75.2352294921875 47.1549072265625
2
-1 402.7899475097656 160.24722290039062 37.58721923828125 59.3388671875
-1 149.47251892089844 536.192626953125 38.985992431640625 59.1453857421875
2
-1 398.30523681640625 123.82356262207031 35.692626953125 57.228515625
-1 139.42550659179688 497.0242919921875 51.86065673828125 63.20556640625
2
-1 155.38937377929688 451.27117919921875 51.525787353515625 72.012939453125
-1 413.1650390625 87.74636840820312 44.1175537109375 53.740631103515625
1
-1 199.26455688476562 423.1859130859375 45.09649658203125 53.7032470703125
2
-1 251.5316162109375 390.84832763671875 45.06793212890625 47.1358642578125
-1 789.0845947265625 413.7298583984375 68.680908203125 44.80645751953125
1
-1 750.3763427734375 424.3251037597656 64.013427734375 55.59857177734375
2
-1 715.26220703125 421.2197265625 70.7779541015625 58.298828125
-1 385.01043701171875 327.22637939453125 40.734619140625 45.1876220703125
1
-1 682.6278076171875 440.2567138671875 65.34619140625 50.822509765625
1
-1 650.6839599609375 482.8951416015625 72.781005859375 48.2872314453125
0
1
-1 571.564453125 573.244384765625 57.776123046875 61.008056640625
1
-1 540.19580078125 600.0093994140625 53.804931640625 51.857177734375
0
0
0
0
1
-1 298.17791748046875 96.5682144165039 79.9561767578125 72.14988708496094
1
-1 389.21929931640625 183.23187255859375 79.3038330078125 75.16009521484375
1
-1 492.74432373046875 259.5572509765625 70.8924560546875 58.81939697265625
1
-1 918.15478515625 548.845458984375 79.2708740234375 48.507568359375
0
0
1
-1 740.5205078125 439.78875732421875 59.6358642578125 49.01727294921875
1
-1 701.3021850585938 380.76495361328125 52.2191162109375 49.5208740234375
1
-1 668.8218994140625 325.16290283203125 52.51611328125 52.074951171875
1
-1 639.9190673828125 298.7394714355469 53.264892578125 50.83160400390625
1
85.0 632.151123046875 290.6349792480469 45.16259765625 48.131103515625
1
85.0 636.39013671875 287.9229736328125 47.73077392578125 48.913055419921875
1
-1 674.471435546875 300.77813720703125 47.235107421875 54.8599853515625
0
0
1
-1 792.5823974609375 413.1026611328125 65.2110595703125 59.5228271484375
2
-1 822.0279541015625 458.3861083984375 63.1417236328125 54.1424560546875
-1 341.0220947265625 521.5181884765625 34.55889892578125 52.2357177734375
1
-1 372.22344970703125 509.73748779296875 44.1629638671875 57.6461181640625
1
-1 397.45391845703125 494.58734130859375 52.401123046875 56.09228515625
1
90.0 409.97296142578125 488.84637451171875 47.272552490234375 54.012542724609375
1
90.0 430.362548828125 489.4557800292969 44.310760498046875 52.41778564453125
1
-1 469.50347900390625 501.40594482421875 38.3455810546875 47.4512939453125
1
-1 504.43682861328125 509.88623046875 42.5382080078125 48.0797119140625
1
-1 542.3123779296875 509.248779296875 45.47509765625 54.572021484375
1
-1 588.602294921875 514.218017578125 52.0758056640625 45.8763427734375
1
-1 627.64208984375 510.8792724609375 50.4510498046875 48.050018310546875
2
-1 661.8822631835938 519.4708251953125 55.800537109375 46.871337890625
-1 407.1095886230469 98.15911102294922 58.82952880859375 69.46571350097656
2
-1 268.4276428222656 190.37210083007812 54.9222412109375 76.28976440429688
-1 684.7706298828125 532.765380859375 56.2841796875 47.934814453125
1
-1 700.048095703125 556.4837036132812 54.886474609375 64.5155029296875
3
-1 468.3675537109375 517.3951416015625 56.95751953125 47.31884765625
-1 128.39849853515625 374.40625 48.373077392578125 77.98541259765625
-1 698.1536865234375 583.3641357421875 52.2918701171875 52.9306640625
2
-1 676.577880859375 603.5366821289062 58.90771484375 45.79833984375
-1 129.82485961914062 434.93743896484375 72.0240478515625 80.0965576171875
2
-1 332.15838623046875 409.521484375 59.92401123046875 55.62841796875
-1 128.98779296875 487.75872802734375 56.31781768798828 68.1641845703125
2
-1 285.3564147949219 366.37359619140625 52.38800048828125 52.1680908203125
-1 183.9571075439453 556.7725830078125 44.37774658203125 31.576904296875
1
-1 252.56765747070312 356.36065673828125 42.904052734375 44.89569091796875
1
-1 245.65496826171875 378.5675354003906 46.80352783203125 58.4344482421875
0
2
-1 258.6622619628906 434.5718994140625 48.96600341796875 78.6180419921875
-1 604.00830078125 665.3642578125 61.771484375 49.8529052734375
1
107.0 255.49465942382812 444.1764221191406 47.0003662109375 69.9229736328125
1
107.0 238.00601196289062 441.2912902832031 44.6654052734375 55.72454833984375
1
-1 199.7636260986328 438.07208251953125 51.692779541015625 63.450927734375
1
108.0 183.71856689453125 433.82562255859375 61.39494323730469 67.79397583007812
1
108.0 173.6236572265625 434.2789611816406 52.77033996582031 63.324462890625
1
-1 141.7623748779297 452.6148681640625 50.394775390625 65.9765625
1
-1 102.17649841308594 486.0635986328125 55.079254150390625 66.356201171875
1
-1 83.1429443359375 529.05322265625 47.282012939453125 62.2244873046875
1
-1 82.25184631347656 569.7984619140625 44.211761474609375 64.968994140625
1
-1 98.46733093261719 596.0662841796875 45.985931396484375 65.9583740234375
1
113.0 102.61486053466797 598.2469482421875 42.62382507324219 67.333740234375
1
113.0 103.64646911621094 593.5406494140625 44.17436981201172 67.49603271484375
1
-1 79.84187316894531 575.6328125 42.978084564208984 57.898681640625
1
-1 39.484046936035156 567.14990234375 43.40533447265625 57.784912109375
1
-1 20.391372680664062 558.6590576171875 40.69140625 68.9169921875
1
116.0 33.027523040771484 554.04443359375 44.4302978515625 60.740966796875
1
-1 65.42304992675781 542.498291015625 49.351619720458984 50.87060546875
1
117.0 76.37782287597656 543.6279907226562 49.728858947753906 53.424072265625
1
117.0 78.64381408691406 547.68359375 48.270301818847656 59.97991943359375
1
117.0 83.84587097167969 545.25146484375 48.79383087158203 65.6373291015625
1
117.0 88.3673095703125 539.7373657226562 48.396324157714844 59.723052978515625
1
117.0 89.47734832763672 532.8590087890625 48.38133239746094 57.132080078125
1
117.0 86.43938446044922 521.5721435546875 57.51616287231445 60.8299560546875
1
117.0 74.12515258789062 514.940673828125 62.92615509033203 56.85888671875
1
117.0 53.78435516357422 512.1283569335938 56.252079010009766 55.280242919921875
1
117.0 37.662086486816406 503.5233154296875 55.706512451171875 60.888153076171875
1
117.0 31.262948989868164 480.3006591796875 57.01865768432617 64.40377807617188
1
107.0 31.148679733276367 426.7892150878906 57.876285552978516 70.89990234375
1
-1 16.62564468383789 373.7659912109375 33.25128936767578 77.268798828125
0
0
0
0
0
1
-1 305.76251220703125 466.15142822265625 35.2872314453125 40.8758544921875
1
-1 305.57781982421875 467.45062255859375 36.85247802734375 44.845703125
1
122.0 304.0009765625 469.93499755859375 39.690765380859375 47.508636474609375
1
122.0 301.0877685546875 475.50634765625 46.823272705078125 56.910308837890625
1
122.0 298.1396484375 477.7725830078125 52.587188720703125 62.211578369140625
1
122.0 296.69451904296875 480.3992004394531 56.488250732421875 68.34954833984375
1
122.0 292.6160888671875 487.359130859375 71.22637939453125 67.7298583984375
1
122.0 288.5904541015625 488.448486328125 78.96849060058594 69.6751708984375
1
122.0 287.397705078125 489.11981201171875 80.21476745605469 70.9990234375
1
122.0 282.241455078125 493.09014892578125 85.12850952148438 66.48977661132812
1
122.0 278.2440490722656 494.2752990722656 84.46733093261719 62.37213134765625
1
122.0 276.9737854003906 492.2733459472656 82.83171081542969 68.55511474609375
1
122.0 276.11334228515625 493.24151611328125 77.93588256835938 72.52896118164062
1
122.0 272.2760925292969 493.7640380859375 77.16046142578125 73.45849609375
1
122.0 271.5647277832031 492.9757080078125 77.61700439453125 71.87496948242188
1
122.0 269.0094909667969 494.8234558105469 78.84490966796875 70.35504150390625
1
122.0 261.9169921875 496.7664794921875 83.33526611328125 66.48678588867188
1
122.0 257.7371520996094 497.02178955078125 85.23033142089844 61.711029052734375
1
122.0 253.8663787841797 498.6673583984375 88.59396362304688 58.422943115234375
1
122.0 248.60470581054688 505.3230895996094 82.57122802734375 47.18035888671875
2
-1 508.43243408203125 504.4249267578125 63.57958984375 75.281982421875
-1 224.04957580566406 547.3809814453125 65.11618041992188 57.802490234375
2
-1 481.90704345703125 538.7206420898438 58.271484375 80.7630615234375
-1 189.974853515625 590.663330078125 65.19635009765625 59.16162109375
0
0
0
1
-1 521.4338989257812 695.6880493164062 54.7706298828125 48.6239013671875
1
130.0 524.988525390625 698.3541259765625 52.12957763671875 43.29180908203125
1
130.0 524.6954956054688 697.0911865234375 60.228302001953125 45.81768798828125
0
1
-1 497.7769470214844 640.173828125 57.42694091796875 61.8245849609375
1
-1 475.5196228027344 597.4288330078125 64.441650390625 50.016845703125
0
1
-1 401.6474609375 512.4609985351562 92.919189453125 58.81005859375
2
-1 330.0531311035156 465.36688232421875 73.48260498046875 58.872314453125
-1 911.1474609375 128.9584197998047 62.723388671875 60.562713623046875
1
-1 293.47515869140625 416.932373046875 37.7413330078125 53.9442138671875
2
-1 256.72265625 398.02386474609375 41.7435302734375 41.1329345703125
-1 811.1497802734375 168.8829803466797 79.206787109375 60.567413330078125
2
-1 237.45953369140625 417.3726806640625 61.0272216796875 51.7850341796875
-1 741.8386840820312 188.0692138671875 82.9678955078125 60.43280029296875
2
-1 237.31515502929688 460.16986083984375 47.872802734375 49.228515625
-1 654.7271118164062 216.9029541015625 88.4666748046875 66.68145751953125
2
-1 550.2813720703125 251.12054443359375 110.22628784179688 77.64222717285156
-1 270.1809997558594 500.8162841796875 50.45074462890625 57.096160888671875
1
-1 303.3897705078125 529.33837890625 51.117919921875 73.745849609375
1
-1 311.6126403808594 563.0819702148438 51.8106689453125 53.42724609375
1
-1 162.2290802001953 368.6444396972656 71.416748046875 92.80023193359375
1
-1 90.96206665039062 397.00225830078125 79.02508544921875 101.681884765625
1
-1 46.22465515136719 421.2727355957031 66.97076416015625 89.08538818359375
1
-1 28.76736831665039 467.431640625 57.53473663330078 90.311767578125
2
-1 50.18317794799805 473.52880859375 49.66840362548828 72.9764404296875
-1 376.586181640625 665.6343994140625 51.9188232421875 77.44140625
2
-1 103.68266296386719 445.02899169921875 49.025238037109375 68.5810546875
-1 369.3409423828125 655.0684204101562 49.62451171875 57.6868896484375
1
-1 165.00057983398438 433.0992431640625 39.2176513671875 68.4195556640625
0
0
0
2
-1 516.5684204101562 230.30859375 49.09814453125 55.3155517578125
-1 504.9351501464844 507.3038330078125 43.63189697265625 47.892333984375
1
-1 547.52001953125 467.51043701171875 43.1904296875 47.2838134765625
1
-1 596.1275634765625 446.52899169921875 41.686767578125 41.6529541015625
0
1
-1 686.47900390625 467.2130126953125 32.3052978515625 39.6341552734375
0
1
130.0 523.2049560546875 679.1102294921875 43.90631103515625 64.053955078125
1
-1 512.5330810546875 671.5142211914062 45.6903076171875 50.0672607421875
0
0
0
0
0
0
0
0
0
0
0
0
0
1
-1 912.8203125 65.26727294921875 45.559814453125 55.791080474853516
0
0
1
-1 503.007568359375 600.5421142578125 46.951904296875 63.14892578125
1
-1 490.23944091796875 575.59912109375 47.4803466796875 64.09765625
0
1
-1 842.994873046875 546.6337890625 75.393310546875 55.912841796875
1
156.0 860.5723876953125 545.296630859375 73.52606201171875 59.19183349609375
1
-1 623.0241088867188 510.947021484375 51.3922119140625 44.58447265625
2
-1 634.049560546875 446.4335021972656 52.644775390625 45.97314453125
-1 843.3675537109375 496.29827880859375 64.56787109375 56.335205078125
1
-1 816.048095703125 466.94586181640625 59.39111328125 54.016845703125
2
-1 661.3145751953125 295.81158447265625 36.433837890625 57.8892822265625
-1 798.4552001953125 444.78936767578125 62.716796875 59.09912109375
2
-1 692.526611328125 250.80670166015625 42.814453125 50.964111328125
-1 781.2238159179688 423.55950927734375 65.65478515625 50.1220703125
2
-1 705.6397705078125 211.48822021484375 43.805419921875 46.89971923828125
-1 745.6253662109375 406.79339599609375 70.742919921875 42.3375244140625
1
-1 725.867431640625 210.379150390625 38.723388671875 36.98443603515625
1
-1 678.173828125 431.63946533203125 66.2989501953125 51.2701416015625
1
-1 645.2377319335938 447.44610595703125 62.987060546875 40.73583984375
1
-1 617.9931640625 466.97027587890625 68.3333740234375 40.5390625
2
-1 595.228271484375 489.75543212890625 62.2109375 48.09326171875
-1 830.552734375 433.5133056640625 40.714599609375 42.7301025390625
1
-1 574.349853515625 502.0770263671875 50.536376953125 45.1146240234375
1
170.0 563.25341796875 511.2474365234375 56.203857421875 60.823699951171875
1
170.0 561.1709594726562 515.7691040039062 53.562255859375 64.23007202148438
1
170.0 561.2837524414062 522.077392578125 54.0841064453125 65.82803344726562
1
170.0 550.23291015625 522.7318115234375 54.9727783203125 61.08721923828125
1
-1 516.9692993164062 507.91204833984375 62.8983154296875 53.201416015625
1
-1 492.17364501953125 494.99725341796875 50.042724609375 47.4166259765625
1
172.0 481.425048828125 499.85107421875 44.7210693359375 38.826324462890625
1
172.0 474.4524230957031 504.0599365234375 43.182373046875 41.025177001953125
1
172.0 473.4939270019531 504.73828125 41.58380126953125 39.619903564453125
1
172.0 468.54583740234375 504.3085632324219 37.600433349609375 36.98052978515625
1
172.0 466.5519104003906 502.96636962890625 36.24896240234375 35.62939453125
1
172.0 465.68572998046875 501.16851806640625 34.71832275390625 34.380035400390625
1
172.0 465.6351318359375 499.02349853515625 33.527496337890625 34.741668701171875
1
172.0 466.06817626953125 497.79351806640625 32.486358642578125 35.340240478515625
1
172.0 464.02593994140625 496.4765625 29.7044677734375 29.861572265625
1
172.0 466.905517578125 493.49169921875 29.564666748046875 29.017242431640625
0
0
0
0
0
0
0
0
0
0
0
1
-1 154.70700073242188 133.54954528808594 56.19115447998047 92.69552612304688
0
1
-1 199.3387908935547 530.1962890625 52.55328369140625 93.140380859375
0
0
0
0
0
0
0
0
0
0
0
0
0
0
0
0
0
0
0
0
0
0
0
0
0
0
0
0
0
0
0
0
0
0
0
0
0
0
0
0
0
0
0
0
1
-1 145.53114318847656 332.9746398925781 59.444305419921875 64.56689453125
1
-1 260.5181884765625 424.14984130859375 77.69618225097656 63.8944091796875
0
1
-1 536.216552734375 535.7103271484375 43.02685546875 72.9306640625
1
-1 652.7763671875 519.190185546875 62.827392578125 73.73611450195312
0
0
0
0
0
0
1
-1 835.0077514648438 471.1169738769531 55.1864013671875 44.75152587890625
0
1
-1 827.4412841796875 410.39093017578125 75.527099609375 60.09228515625
1
-1 809.9747314453125 394.6920166015625 66.60302734375 39.923583984375
0
1
-1 726.2666015625 452.41693115234375 58.624267578125 38.070068359375
1
-1 667.8763427734375 481.160400390625 55.75390625 43.19921875
1
-1 604.5787353515625 507.1060791015625 48.0224609375 51.7071533203125
1
-1 559.9678955078125 531.698486328125 50.2001953125 55.5611572265625
1
-1 509.87664794921875 547.6574096679688 46.498046875 53.11279296875
1
181.0 499.95672607421875 543.33447265625 42.165618896484375 53.00689697265625
1
181.0 510.0103454589844 528.4091796875 44.38714599609375 54.70855712890625
1
-1 538.50244140625 507.44970703125 45.72119140625 55.051971435546875
1
-1 566.5830078125 521.29296875 52.425537109375 61.136474609375
1
-1 591.898193359375 527.6223754882812 57.09765625 54.512939453125
1
-1 615.569580078125 521.8316650390625 48.8455810546875 51.76953125
1
-1 637.724365234375 516.086669921875 49.3330078125 52.94287109375
2
-1 659.763916015625 504.5218505859375 51.32470703125 49.131561279296875
-1 825.4757080078125 496.1405029296875 75.0269775390625 67.93753051757812
2
-1 674.05224609375 487.19512939453125 53.293212890625 51.46484375
-1 734.0425415039062 312.355224609375 65.184326171875 77.0870361328125
1
189.0 675.1676025390625 473.4822082519531 55.18841552734375 53.9874267578125
1
189.0 671.2752685546875 459.22113037109375 53.35345458984375 54.425628662109375
1
189.0 664.8643798828125 448.74310302734375 49.4432373046875 53.85382080078125
1
189.0 653.0432739257812 438.7171630859375 48.857666015625 52.029388427734375
1
-1 626.4357299804688 409.1612548828125 48.6851806640625 38.9410400390625
1
-1 596.3206176757812 391.5003662109375 45.0916748046875 40.12774658203125
1
-1 567.1126098632812 383.52398681640625 46.493408203125 42.6761474609375
1
-1 546.0869750976562 387.3870849609375 43.5406494140625 49.8612060546875
1
-1 529.8270263671875 394.7626647949219 43.209228515625 56.34027099609375
1
-1 520.022216796875 410.962158203125 41.026885986328125 50.7440185546875
1
196.0 515.1870727539062 408.28173828125 45.604766845703125 50.779052734375
1
196.0 504.84661865234375 411.44091796875 43.3150634765625 50.382904052734375
1
196.0 495.47125244140625 420.8657531738281 37.343994140625 58.16619873046875
1
196.0 488.0574951171875 428.6526794433594 36.687042236328125 53.63531494140625
1
196.0 481.15350341796875 447.93865966796875 35.5233154296875 57.4000244140625
1
196.0 477.85516357421875 456.9200439453125 38.118804931640625 61.449371337890625
1
196.0 476.240966796875 459.912841796875 37.272491455078125 63.895538330078125
1
196.0 475.45489501953125 464.1221923828125 33.171600341796875 66.29855346679688
1
-1 477.4879150390625 472.1016845703125 30.6805419921875 47.65234375
1
-1 479.37530517578125 475.13232421875 31.0299072265625 42.32958984375
0
1
-1 728.1759643554688 326.659912109375 70.3785400390625 45.245361328125
1
-1 673.1814575195312 349.474365234375 63.5897216796875 44.3187255859375
1
-1 614.378173828125 377.0382995605469 64.639892578125 44.44012451171875
1
-1 536.6068725585938 407.255859375 54.2769775390625 52.5272216796875
1
-1 469.859375 435.3490905761719 49.1009521484375 51.1217041015625
0
1
-1 347.6875915527344 481.67291259765625 42.31585693359375 58.5191650390625
1
-1 314.4078369140625 488.5931396484375 45.06402587890625 67.11227416992188
1
203.0 315.45196533203125 485.1905517578125 48.863037109375 69.88754272460938
1
203.0 328.8314208984375 475.03643798828125 46.87603759765625 63.70269775390625
1
203.0 345.83331298828125 461.63031005859375 46.42926025390625 68.25521850585938
1
203.0 358.7823486328125 466.4705810546875 45.175537109375 68.48019409179688
1
203.0 364.45697021484375 475.9107360839844 42.307403564453125 67.07769775390625
1
203.0 368.2005615234375 487.041748046875 46.044403076171875 69.14889526367188
1
203.0 371.1708984375 496.558349609375 46.0404052734375 71.10928344726562
1
203.0 375.80023193359375 513.4869384765625 47.738922119140625 63.22869873046875
0
0
0
0
0
0
0
0
0
0
0
0
0
0
0
0
0
0
0
0
0
0
0
0
1
-1 310.52764892578125 472.87548828125 58.448486328125 66.43359375
1
-1 325.079833984375 443.1658630371094 55.3359375 65.221435546875
1
-1 352.96630859375 442.6450500488281 46.6387939453125 66.3974609375
1
-1 384.615478515625 461.5215759277344 46.779296875 62.60003662109375
2
-1 417.6318664550781 482.931640625 55.5904541015625 77.20751953125
-1 703.66748046875 246.70294189453125 59.37451171875 44.34019470214844
1
208.0 428.9705810546875 497.32806396484375 61.94293212890625 73.92892456054688
1
208.0 414.12548828125 503.81256103515625 59.253173828125 68.8521728515625
2
-1 536.98974609375 334.8499450683594 50.254638671875 49.55633544921875
-1 370.63739013671875 484.3846435546875 50.14398193359375 61.9678955078125
2
-1 347.72869873046875 461.35003662109375 43.02178955078125 55.1690673828125
-1 502.39288330078125 354.0848693847656 47.8507080078125 58.46319580078125
1
211.0 346.4705810546875 461.88494873046875 46.62652587890625 53.297607421875
2
211.0 349.52398681640625 473.76202392578125 49.842498779296875 67.45758056640625
213.0 470.89398193359375 379.11444091796875 56.724273681640625 60.3492431640625
2
211.0 352.2572326660156 482.9323425292969 60.38677978515625 73.35711669921875
213.0 466.98992919921875 378.9988708496094 53.636932373046875 59.80010986328125
2
211.0 349.4652099609375 490.8470153808594 51.26336669921875 81.92974853515625
213.0 466.8980712890625 383.095703125 51.200042724609375 61.610931396484375
2
211.0 345.79443359375 491.642578125 52.334716796875 84.89822387695312
213.0 466.5796813964844 387.2550048828125 52.8536376953125 61.460235595703125
2
211.0 344.00762939453125 488.7119140625 58.644561767578125 82.73489379882812
213.0 453.447509765625 384.7078552246094 50.22869873046875 61.74749755859375
2
211.0 345.38031005859375 484.92303466796875 58.582550048828125 82.21957397460938
213.0 438.6480712890625 379.3112487792969 48.662689208984375 56.311767578125
2
211.0 346.8125305175781 482.0934753417969 57.951171875 83.80120849609375
213.0 430.354248046875 372.9522399902344 50.032928466796875 57.29962158203125
2
211.0 347.31396484375 479.8276062011719 56.394805908203125 82.06988525390625
213.0 429.6326904296875 369.895263671875 49.581390380859375 59.610260009765625
2
211.0 348.47296142578125 476.0862731933594 55.887451171875 79.05242919921875
213.0 428.00103759765625 365.90203857421875 49.706756591796875 57.82574462890625
2
211.0 348.97418212890625 473.731689453125 56.27935791015625 78.18045043945312
213.0 419.4624328613281 356.7081298828125 52.0614013671875 54.466064453125
1
211.0 348.70660400390625 470.62384033203125 57.592559814453125 75.96951293945312
1
211.0 344.0460205078125 467.43170166015625 61.394744873046875 73.22055053710938
1
211.0 336.62255859375 467.7657470703125 65.85519409179688 71.06790161132812
2
211.0 333.00994873046875 467.4195556640625 72.08816528320312 69.27096557617188
214.0 332.986572265625 321.9378662109375 52.862213134765625 59.521636962890625
2
211.0 332.73651123046875 467.18365478515625 73.06503295898438 63.86700439453125
214.0 332.76171875 315.88677978515625 53.315765380859375 63.255828857421875
2
211.0 333.45086669921875 466.66534423828125 71.48602294921875 61.9129638671875
214.0 332.7339782714844 323.0547790527344 55.78875732421875 64.55950927734375
2
211.0 331.7916259765625 466.73004150390625 73.2532958984375 59.407806396484375
214.0 331.44366455078125 336.163818359375 55.367156982421875 59.442657470703125
2
211.0 330.2084045410156 467.9544372558594 73.64471435546875 55.2027587890625
214.0 329.12188720703125 340.2455749511719 52.834808349609375 57.1751708984375
2
211.0 328.0363464355469 469.65087890625 78.92333984375 54.939208984375
214.0 325.7274475097656 336.7513122558594 50.9002685546875 60.44818115234375
1
211.0 326.2469482421875 470.42974853515625 79.73178100585938 54.958740234375
1
211.0 324.45367431640625 471.29901123046875 78.15786743164062 54.22686767578125
1
211.0 323.43951416015625 471.5435791015625 77.37716674804688 53.447052001953125
1
211.0 316.953369140625 471.03253173828125 70.74160766601562 54.1614990234375
2
211.0 311.72296142578125 470.49298095703125 69.81097412109375 57.828948974609375
217.0 380.83880615234375 398.445068359375 43.88494873046875 51.53900146484375
2
211.0 307.07781982421875 468.31134033203125 71.21640014648438 58.799285888671875
217.0 392.75482177734375 401.5640869140625 42.192840576171875 52.054931640625
1
211.0 302.1490478515625 466.15093994140625 72.62310791015625 60.76214599609375
1
211.0 297.96527099609375 463.3132629394531 71.77880859375 64.1376953125
1
211.0 292.36236572265625 461.1558837890625 69.470458984375 66.71176147460938
1
211.0 289.9776611328125 458.96246337890625 66.67391967773438 67.39004516601562
1
211.0 289.4872131347656 454.93487548828125 63.63275146484375 72.44857788085938
2
211.0 295.0628662109375 452.4654541015625 57.170318603515625 75.28897094726562
220.0 524.3822021484375 474.6923828125 51.125244140625 63.531402587890625
2
211.0 298.8607177734375 451.38092041015625 52.26422119140625 73.51611328125
220.0 521.5419921875 478.24078369140625 53.578216552734375 57.986480712890625
2
211.0 298.33807373046875 449.5380859375 50.890167236328125 75.19387817382812
220.0 526.3043212890625 485.89447021484375 50.133819580078125 57.189727783203125
1
211.0 297.02716064453125 446.0322265625 45.819305419921875 69.237548828125
1
211.0 298.237060546875 447.92230224609375 44.456878662109375 71.91690063476562
1
211.0 299.27032470703125 447.265625 45.462188720703125 75.11285400390625
1
211.0 299.9144287109375 445.960205078125 46.644378662109375 76.43008422851562
1
211.0 303.19403076171875 446.1845703125 49.13287353515625 77.17596435546875
1
211.0 304.23284912109375 447.4696960449219 51.144989013671875 74.031005859375
1
211.0 307.01708984375 446.1055908203125 47.333892822265625 76.35684204101562
1
211.0 307.98590087890625 447.9322509765625 47.092926025390625 73.82882690429688
1
211.0 311.03521728515625 445.633544921875 50.255889892578125 74.05722045898438
1
211.0 312.88092041015625 442.7674255371094 50.468963623046875 73.60052490234375
1
211.0 314.71697998046875 441.52984619140625 51.071380615234375 74.78439331054688
1
211.0 318.174072265625 431.11334228515625 47.8262939453125 55.081085205078125
1
211.0 319.80255126953125 427.3206787109375 52.209197998046875 47.511138916015625
1
211.0 321.70611572265625 426.66326904296875 52.29559326171875 45.509124755859375
1
211.0 325.1069641113281 428.651123046875 51.821533203125 44.85943603515625
1
211.0 327.20263671875 430.624267578125 52.397918701171875 44.938568115234375
1
211.0 328.26348876953125 431.78271484375 50.78033447265625 45.1458740234375
1
211.0 328.5048828125 431.646484375 51.453643798828125 44.33642578125
1
211.0 326.19073486328125 429.606201171875 49.183746337890625 41.934814453125
1
211.0 327.3121337890625 430.53448486328125 50.94525146484375 41.968414306640625
1
211.0 328.9576110839844 433.3114929199219 51.42523193359375 47.0595703125
1
211.0 329.636474609375 431.78192138671875 49.33624267578125 44.882415771484375
1
211.0 329.97894287109375 431.85626220703125 48.765838623046875 45.606964111328125
2
211.0 330.6985168457031 432.8310546875 49.71612548828125 46.82879638671875
231.0 476.6336669921875 362.26953125 46.414825439453125 59.764923095703125
2
211.0 332.1072692871094 434.9823913574219 43.5272216796875 43.684814453125
231.0 474.4832458496094 357.35302734375 45.38568115234375 57.179290771484375
2
211.0 333.6781005859375 438.4542236328125 40.641143798828125 42.148681640625
231.0 476.193115234375 357.7072448730469 46.101470947265625 54.8515625
2
211.0 333.4559326171875 439.2706298828125 40.760894775390625 42.640472412109375
231.0 476.78363037109375 347.68914794921875 49.143951416015625 54.465301513671875
2
211.0 332.79437255859375 440.307861328125 42.25274658203125 41.239105224609375
231.0 475.5831604003906 326.5966796875 52.05352783203125 55.465972900390625
2
211.0 334.15008544921875 438.95355224609375 40.525543212890625 40.404632568359375
231.0 464.29571533203125 301.60382080078125 52.7288818359375 54.032928466796875
1
211.0 333.92041015625 438.4161376953125 40.098663330078125 40.124114990234375
1
211.0 333.02972412109375 438.72601318359375 40.329193115234375 39.746612548828125
1
211.0 332.81396484375 439.16131591796875 40.599700927734375 40.198455810546875
2
211.0 333.54302978515625 440.68267822265625 38.840057373046875 40.148773193359375
235.0 458.99725341796875 425.3804016113281 30.04046630859375 33.385009765625
2
211.0 336.11279296875 451.4361572265625 37.975799560546875 42.965667724609375
235.0 457.59490966796875 421.9224853515625 31.501434326171875 37.17822265625
2
211.0 336.7099609375 456.09716796875 37.602081298828125 43.74310302734375
235.0 456.84027099609375 417.66473388671875 32.885406494140625 42.854248046875
2
211.0 336.29315185546875 456.126708984375 37.543060302734375 43.941253662109375
235.0 456.1962585449219 415.4644470214844 36.18145751953125 48.5167236328125
1
235.0 457.68377685546875 415.7552185058594 37.666961669921875 54.57086181640625
1
235.0 458.2828369140625 414.7287292480469 38.327423095703125 55.59881591796875
1
235.0 458.0607604980469 413.8584289550781 39.3701171875 55.61328125
1
235.0 457.74871826171875 410.63470458984375 40.85430908203125 56.400177001953125
1
235.0 457.54473876953125 407.4886474609375 41.972320556640625 59.582733154296875
1
235.0 455.1375427246094 404.5597229003906 43.5565185546875 61.05657958984375
2
235.0 453.235107421875 399.83172607421875 44.88690185546875 67.95425415039062
241.0 326.1023864746094 489.01318359375 40.72601318359375 54.0362548828125
2
235.0 451.8609924316406 395.2093505859375 44.94500732421875 71.48526000976562
241.0 326.8606262207031 487.97808837890625 36.0849609375 58.877471923828125
2
235.0 449.93023681640625 391.84796142578125 45.506866455078125 71.56915283203125
241.0 326.66644287109375 488.7430419921875 32.32440185546875 60.180206298828125
2
235.0 447.2935791015625 388.4161376953125 45.3961181640625 71.15487670898438
241.0 326.93914794921875 489.179443359375 32.203826904296875 61.26416015625
1
235.0 442.123779296875 384.0404968261719 50.088226318359375 66.74090576171875
1
235.0 437.30169677734375 381.90875244140625 54.836395263671875 60.443145751953125
1
235.0 434.85888671875 380.4200744628906 58.364227294921875 58.816162109375
1
235.0 432.72149658203125 379.69775390625 59.7239990234375 57.05181884765625
1
235.0 428.9188232421875 378.85333251953125 60.958343505859375 55.764617919921875
1
235.0 424.3267822265625 377.96087646484375 63.0426025390625 52.82318115234375
1
235.0 420.6728515625 377.1494140625 66.544189453125 52.571380615234375
1
235.0 417.6131591796875 377.22802734375 69.1961669921875 52.697967529296875
1
235.0 413.1419372558594 377.507568359375 71.9716796875 52.195770263671875
1
235.0 408.15234375 379.27288818359375 72.42544555664062 48.6463623046875
2
235.0 405.103271484375 380.0770263671875 71.164306640625 48.351959228515625
241.0 336.7792663574219 479.0936584472656 35.34197998046875 66.52130126953125
2
235.0 402.06121826171875 380.38775634765625 69.75564575195312 48.09588623046875
241.0 336.007568359375 483.44403076171875 35.277984619140625 67.01211547851562
2
235.0 400.10003662109375 381.1182861328125 70.47927856445312 47.468719482421875
241.0 335.30560302734375 484.5257568359375 33.65631103515625 60.604705810546875
2
235.0 397.73333740234375 381.57818603515625 71.04791259765625 48.762847900390625
241.0 334.06634521484375 482.49298095703125 32.768829345703125 56.46038818359375
2
235.0 394.73406982421875 381.507080078125 73.39410400390625 52.177581787109375
241.0 333.2216796875 477.15545654296875 33.64654541015625 54.683441162109375
1
235.0 387.0127868652344 380.2315979003906 69.12506103515625 53.1453857421875
1
235.0 381.8793029785156 379.0315856933594 67.40447998046875 53.39666748046875
1
235.0 376.93072509765625 379.5214538574219 68.34786987304688 52.39251708984375
2
235.0 371.0766296386719 379.78192138671875 66.4906005859375 50.923248291015625
241.0 328.84368896484375 456.74078369140625 39.682037353515625 63.42559814453125
2
235.0 365.82598876953125 379.73272705078125 68.8548583984375 51.591522216796875
241.0 326.9496154785156 452.63067626953125 40.44671630859375 65.76373291015625
2
235.0 362.21295166015625 378.9621887207031 70.89434814453125 50.6988525390625
241.0 325.96759033203125 449.0899658203125 41.596527099609375 65.845947265625
2
235.0 361.7438049316406 378.289794921875 67.5562744140625 50.45428466796875
241.0 322.55255126953125 438.761474609375 38.54132080078125 58.647674560546875
2
235.0 360.4698181152344 375.8907470703125 61.17083740234375 52.083282470703125
241.0 319.75323486328125 429.6942138671875 35.793670654296875 51.32232666015625
2
235.0 358.7138671875 374.28509521484375 57.561859130859375 53.711334228515625
241.0 317.8994445800781 423.5060729980469 35.81854248046875 50.71051025390625
2
235.0 355.1212158203125 371.8258056640625 56.396575927734375 57.477264404296875
241.0 318.48114013671875 421.84429931640625 37.2645263671875 51.864837646484375
2
235.0 351.4728088378906 370.29180908203125 57.2825927734375 59.908050537109375
241.0 318.64337158203125 419.8104248046875 38.394866943359375 53.294036865234375
2
235.0 347.853515625 367.381591796875 53.88385009765625 62.059539794921875
241.0 320.52001953125 419.09954833984375 41.545257568359375 55.93804931640625
2
235.0 345.03094482421875 364.02520751953125 51.317230224609375 63.34368896484375
241.0 318.8800048828125 414.41943359375 37.438690185546875 57.659149169921875
2
235.0 340.229248046875 361.19775390625 50.536285400390625 64.18087768554688
241.0 317.26275634765625 408.24517822265625 38.90533447265625 63.21734619140625
2
235.0 338.38775634765625 361.2071533203125 48.385345458984375 64.29837036132812
241.0 314.4995422363281 403.65216064453125 39.8414306640625 68.91757202148438
2
235.0 337.54693603515625 360.47979736328125 48.90008544921875 64.64404296875
241.0 312.4573974609375 400.45989990234375 44.630615234375 71.2081298828125
2
235.0 339.9800720214844 358.9893798828125 47.9454345703125 64.28756713867188
241.0 311.00518798828125 398.5182800292969 47.453582763671875 71.22625732421875
2
235.0 340.7085266113281 358.2696838378906 45.9501953125 64.27496337890625
241.0 305.21331787109375 393.0567626953125 49.694671630859375 69.38504028320312
2
235.0 341.4955749511719 357.10260009765625 44.77862548828125 67.19158935546875
241.0 300.34332275390625 388.72723388671875 51.8013916015625 67.14785766601562
2
235.0 342.2830810546875 354.2052001953125 44.245574951171875 69.79629516601562
241.0 296.7377014160156 386.8258056640625 56.27032470703125 65.83758544921875
2
235.0 342.8382568359375 350.0367126464844 42.175567626953125 68.60430908203125
241.0 293.84686279296875 385.23748779296875 63.713958740234375 63.1239013671875
2
235.0 343.83087158203125 346.15692138671875 39.773712158203125 66.26629638671875
241.0 290.902587890625 384.1688232421875 67.62393188476562 60.177642822265625
2
235.0 343.83355712890625 343.7657470703125 38.8916015625 65.54605102539062
241.0 287.9831848144531 383.829833984375 66.89701843261719 58.217437744140625
2
235.0 345.6360778808594 341.85308837890625 40.9649658203125 65.40481567382812
241.0 286.24212646484375 383.43499755859375 66.48777770996094 57.509490966796875
2
235.0 349.3624572753906 340.32757568359375 42.53082275390625 67.41619873046875
241.0 286.41229248046875 381.15972900390625 65.92399597167969 60.23681640625
2
235.0 352.3165283203125 335.7124328613281 42.791778564453125 68.84619140625
241.0 285.0394287109375 379.2012939453125 64.445556640625 62.538909912109375
2
235.0 354.1542663574219 332.6192626953125 42.29254150390625 70.26571655273438
241.0 282.72296142578125 377.30322265625 64.66598510742188 65.87228393554688
2
235.0 352.283935546875 328.49542236328125 44.202728271484375 70.15457153320312
241.0 283.0187072753906 376.17938232421875 59.7667236328125 67.32244873046875
2
235.0 351.4767150878906 323.443359375 45.89984130859375 68.12619018554688
241.0 284.2734375 373.52642822265625 54.2491455078125 68.49270629882812
2
235.0 349.72210693359375 316.8722229003906 48.457763671875 64.0255126953125
241.0 287.89007568359375 371.1242370605469 47.7584228515625 69.916015625
2
235.0 348.34930419921875 312.04583740234375 48.418731689453125 60.047882080078125
241.0 291.3017578125 369.43316650390625 43.596893310546875 71.02386474609375
2
235.0 348.143310546875 310.61212158203125 47.060272216796875 57.907135009765625
241.0 296.0440979003906 366.82806396484375 40.98095703125 71.9091796875
2
235.0 350.0792236328125 309.1400146484375 48.227020263671875 52.516876220703125
241.0 298.2402648925781 366.0031433105469 39.8477783203125 69.4163818359375
2
235.0 352.6612548828125 306.10650634765625 46.834686279296875 49.266143798828125
241.0 298.15802001953125 363.5963134765625 39.51397705078125 70.53604125976562
2
235.0 355.00390625 304.6760559082031 46.5831298828125 48.12109375
241.0 298.6017761230469 361.1624450683594 37.9368896484375 70.3172607421875
2
235.0 355.17974853515625 304.96453857421875 46.424530029296875 50.45611572265625
241.0 299.21844482421875 358.4405517578125 41.954833984375 69.33282470703125
2
235.0 354.1106262207031 304.12811279296875 46.58319091796875 46.17156982421875
241.0 300.1299743652344 355.23406982421875 48.22015380859375 69.42221069335938
2
235.0 355.9309997558594 303.89227294921875 45.01654052734375 42.958953857421875
241.0 300.19366455078125 353.1764831542969 52.243438720703125 70.29974365234375
2
235.0 358.49871826171875 304.731201171875 44.487457275390625 45.927703857421875
241.0 301.9259033203125 347.3266296386719 55.100860595703125 65.948486328125
3
235.0 356.921142578125 306.3861083984375 44.906707763671875 46.793975830078125
241.0 303.70025634765625 335.10565185546875 59.423614501953125 70.87869262695312
244.0 457.0578918457031 467.39691162109375 36.70391845703125 33.783843994140625
3
235.0 354.3621520996094 307.06488037109375 45.9857177734375 45.132843017578125
241.0 308.1931457519531 333.06085205078125 55.86846923828125 73.97897338867188
244.0 458.4544372558594 468.7779235839844 39.96209716796875 35.9365234375
3
235.0 354.4632568359375 305.78009033203125 44.458404541015625 43.661468505859375
241.0 313.0229797363281 329.1202087402344 53.85089111328125 72.40191650390625
244.0 457.9081726074219 470.6423034667969 39.7913818359375 37.7769775390625
3
235.0 350.238037109375 307.62445068359375 50.576263427734375 47.364166259765625
241.0 319.9894104003906 324.458984375 64.60101318359375 73.49920654296875
244.0 457.5278625488281 469.880859375 37.16619873046875 35.9715576171875
3
235.0 345.3075866699219 310.8684387207031 58.93280029296875 54.999755859375
241.0 327.09063720703125 318.4681396484375 78.45315551757812 69.94522094726562
244.0 454.23541259765625 469.43853759765625 40.259735107421875 41.0733642578125
2
241.0 330.77178955078125 317.8761291503906 82.93157958984375 68.7579345703125
244.0 450.46893310546875 470.5909729003906 44.076446533203125 42.64251708984375
2
241.0 334.64593505859375 316.72027587890625 76.76235961914062 64.77987670898438
244.0 446.6429138183594 471.1187744140625 50.41534423828125 42.99853515625
2
241.0 338.2525329589844 315.65118408203125 71.96624755859375 62.52935791015625
244.0 441.7382507324219 469.9632873535156 55.932861328125 45.75933837890625
2
241.0 338.3927001953125 313.4091796875 72.50357055664062 59.550262451171875
244.0 439.629150390625 470.263427734375 61.498931884765625 46.880706787109375
2
241.0 340.17437744140625 311.63250732421875 74.08660888671875 57.3858642578125
244.0 438.59320068359375 470.7933349609375 64.95254516601562 48.719451904296875
2
241.0 341.28411865234375 309.9786682128906 75.01107788085938 53.86114501953125
244.0 440.0401611328125 472.302490234375 64.68203735351562 49.99365234375
2
241.0 343.880615234375 308.44464111328125 75.34823608398438 52.045013427734375
244.0 440.74639892578125 474.0671081542969 63.211334228515625 50.801025390625
2
241.0 346.55877685546875 308.3529357910156 72.81256103515625 51.742431640625
244.0 441.587890625 476.6119079589844 61.473724365234375 51.618408203125
2
241.0 348.1383361816406 308.109130859375 71.4034423828125 52.46832275390625
244.0 442.2052917480469 481.30712890625 62.478271484375 52.091339111328125
2
241.0 348.79217529296875 308.00445556640625 72.12808227539062 52.42620849609375
244.0 444.0113525390625 482.6600341796875 61.298583984375 53.42950439453125
2
241.0 349.3997497558594 308.0102844238281 73.07440185546875 51.08502197265625
244.0 445.61932373046875 484.69708251953125 59.601654052734375 61.513458251953125
2
241.0 349.7813415527344 308.3489990234375 74.06060791015625 49.883026123046875
244.0 446.3930969238281 485.99871826171875 56.59613037109375 66.61642456054688
2
241.0 350.06231689453125 306.7332763671875 75.05380249023438 47.009613037109375
244.0 446.0771484375 486.51690673828125 57.579803466796875 70.2427978515625
2
241.0 351.86651611328125 306.0548400878906 79.85031127929688 47.16888427734375
244.0 444.48138427734375 487.888671875 59.2255859375 74.99801635742188
2
241.0 353.439453125 308.0880126953125 84.46481323242188 50.636383056640625
244.0 446.0163879394531 488.4849548339844 56.26495361328125 75.18560791015625
2
241.0 353.5295104980469 306.6229248046875 84.34161376953125 47.930877685546875
244.0 447.8653259277344 488.00927734375 53.179931640625 73.898193359375
2
241.0 353.189208984375 306.6102294921875 83.63510131835938 48.19024658203125
244.0 450.95025634765625 487.44281005859375 50.668365478515625 72.86318969726562
2
241.0 352.69329833984375 306.7393798828125 82.87521362304688 48.326263427734375
244.0 446.7081298828125 491.2364501953125 45.981292724609375 62.974395751953125
2
241.0 351.943115234375 306.166748046875 80.90554809570312 47.933563232421875
244.0 442.2138671875 496.0418701171875 45.547515869140625 57.239471435546875
2
241.0 351.4338684082031 306.385986328125 79.78363037109375 48.954498291015625
244.0 442.19390869140625 496.2816162109375 47.726409912109375 50.5992431640625
2
241.0 350.93505859375 306.28851318359375 78.50192260742188 47.8035888671875
244.0 445.1637878417969 500.0115966796875 45.34832763671875 48.370330810546875
2
241.0 350.5862731933594 305.7052307128906 77.6961669921875 46.646728515625
244.0 448.10223388671875 500.87982177734375 40.5726318359375 48.826141357421875
2
241.0 350.20343017578125 305.564697265625 77.18179321289062 45.163177490234375
244.0 447.82470703125 501.5591125488281 42.60504150390625 47.80792236328125
2
241.0 349.9271240234375 306.0206604003906 76.88272094726562 45.4739990234375
244.0 448.2476806640625 503.794921875 43.6544189453125 47.4058837890625
2
241.0 349.8822326660156 305.8518371582031 76.88909912109375 45.2266845703125
244.0 450.026123046875 504.9095458984375 47.85870361328125 40.925872802734375
2
241.0 349.67987060546875 305.38543701171875 76.05819702148438 44.833953857421875
244.0 451.0318603515625 504.90948486328125 50.77813720703125 39.1187744140625
2
241.0 349.178466796875 305.4612731933594 75.69210815429688 44.92047119140625
244.0 454.41143798828125 504.5816955566406 56.3045654296875 40.05267333984375
2
241.0 348.96197509765625 304.3525695800781 75.58071899414062 44.6558837890625
244.0 458.0030517578125 504.994873046875 60.262054443359375 40.136260986328125
2
241.0 349.2315673828125 305.90240478515625 75.71441650390625 46.126007080078125
244.0 462.247802734375 503.40606689453125 63.325775146484375 43.596405029296875
3
241.0 349.037353515625 303.8121337890625 74.91506958007812 45.270172119140625
244.0 464.63360595703125 501.84381103515625 65.06573486328125 48.8310546875
246.0 361.958984375 309.14776611328125 53.383270263671875 50.159942626953125
3
241.0 349.220703125 302.83709716796875 75.4324951171875 46.158050537109375
244.0 466.999267578125 502.0296325683594 67.06942749023438 51.67987060546875
246.0 359.0382080078125 309.0616149902344 59.9962158203125 51.4010009765625
3
241.0 347.2366943359375 301.37176513671875 70.2952880859375 43.879791259765625
244.0 470.1474914550781 498.540283203125 67.35833740234375 58.206024169921875
246.0 354.3949279785156 307.008544921875 69.6148681640625 49.637542724609375
3
241.0 339.8038330078125 301.0268859863281 55.638336181640625 42.1380615234375
244.0 471.91412353515625 497.3304138183594 65.33450317382812 62.28314208984375
246.0 368.9754333496094 308.40093994140625 50.42950439453125 46.36199951171875
3
241.0 336.60565185546875 301.07281494140625 50.030731201171875 41.22344970703125
244.0 473.54730224609375 494.84332275390625 60.902801513671875 64.4879150390625
246.0 380.7542724609375 309.405517578125 46.847686767578125 46.49200439453125
3
241.0 335.2994079589844 301.12249755859375 47.93536376953125 39.993804931640625
244.0 475.117431640625 492.0484619140625 57.417694091796875 67.21041870117188
246.0 382.52447509765625 309.2974853515625 43.83697509765625 45.14678955078125
3
241.0 335.4993896484375 300.9364013671875 48.43865966796875 39.432098388671875
244.0 476.64886474609375 489.9122009277344 55.483612060546875 66.73797607421875
246.0 383.1695861816406 308.3996276855469 42.1552734375 42.48052978515625
3
241.0 335.7889404296875 300.9940185546875 49.0301513671875 38.98626708984375
244.0 476.591796875 488.86376953125 52.0107421875 63.417999267578125
246.0 382.5846252441406 307.9578552246094 41.1710205078125 43.2799072265625
3
241.0 337.8673095703125 301.0435791015625 51.71514892578125 39.487518310546875
244.0 477.15118408203125 487.61553955078125 48.909576416015625 62.903564453125
246.0 382.5845947265625 308.0065002441406 40.884552001953125 43.51885986328125
3
241.0 339.6712951660156 301.0918884277344 53.423583984375 39.44012451171875
244.0 477.7049865722656 487.00115966796875 46.88433837890625 63.615570068359375
246.0 382.32977294921875 309.03192138671875 41.365753173828125 44.153717041015625
3
241.0 340.35528564453125 300.85443115234375 51.658233642578125 39.29638671875
244.0 479.5924072265625 485.71160888671875 46.630767822265625 65.40206909179688
246.0 382.64556884765625 309.0609130859375 42.185546875 42.309722900390625
3
241.0 340.9971923828125 300.58905029296875 51.276397705078125 39.31451416015625
244.0 478.7539367675781 483.92681884765625 46.37908935546875 67.2947998046875
246.0 383.40460205078125 308.8441162109375 43.572296142578125 40.39361572265625
3
241.0 340.8875732421875 300.59844970703125 50.1856689453125 39.24371337890625
244.0 477.78558349609375 481.8638916015625 48.525299072265625 67.65774536132812
246.0 386.04376220703125 308.4714660644531 44.900665283203125 40.16015625
3
241.0 340.8334045410156 300.5863037109375 49.9810791015625 39.139862060546875
244.0 476.64715576171875 479.119384765625 51.137908935546875 67.88424682617188
246.0 387.78057861328125 308.96673583984375 46.04754638671875 40.555999755859375
3
241.0 340.83306884765625 300.5788879394531 50.460235595703125 39.2572021484375
244.0 476.24224853515625 475.1319580078125 52.669097900390625 69.95648193359375
246.0 389.3820495605469 308.83770751953125 47.511474609375 40.251190185546875
3
241.0 341.884521484375 300.9012756347656 52.029388427734375 39.7423095703125
244.0 482.1180725097656 475.9056396484375 51.3516845703125 70.04598999023438
246.0 392.4884338378906 309.0759582519531 50.151611328125 39.0040283203125
3
241.0 344.4413757324219 301.33856201171875 52.067138671875 41.304595947265625
244.0 485.568603515625 480.05364990234375 51.814178466796875 67.02505493164062
246.0 396.9742431640625 309.22650146484375 50.44012451171875 39.016937255859375
3
241.0 344.87127685546875 303.4296875 50.91534423828125 44.65960693359375
244.0 487.3012390136719 479.05108642578125 52.24468994140625 68.95703125
246.0 402.7376708984375 308.528564453125 48.812652587890625 39.207611083984375
3
241.0 346.5491027832031 304.87908935546875 52.1126708984375 47.175628662109375
244.0 489.16058349609375 480.1399230957031 48.686004638671875 68.55926513671875
246.0 405.95855712890625 308.3890380859375 48.15667724609375 39.252532958984375
3
241.0 349.1683349609375 305.80377197265625 53.593353271484375 47.57952880859375
244.0 487.65716552734375 476.30389404296875 51.624847412109375 71.15615844726562
246.0 409.576416015625 308.33056640625 49.4364013671875 38.234100341796875
3
241.0 351.426025390625 306.1009521484375 54.60382080078125 47.540008544921875
244.0 484.25836181640625 471.18359375 51.871368408203125 73.67529296875
246.0 413.06695556640625 308.00958251953125 51.959320068359375 38.18804931640625
3
241.0 352.8185119628906 305.0184326171875 54.659912109375 45.6173095703125
244.0 483.13836669921875 466.9930725097656 52.768218994140625 72.69403076171875
246.0 414.65325927734375 309.2998962402344 53.36895751953125 38.5775146484375
3
241.0 355.70941162109375 307.5588684082031 52.983184814453125 48.024658203125
244.0 481.0931701660156 462.9404602050781 55.66387939453125 72.49420166015625
246.0 417.4579772949219 310.6213073730469 52.96405029296875 37.9039306640625
3
241.0 361.4176025390625 309.95977783203125 54.206298828125 48.694915771484375
244.0 478.1359558105469 460.266845703125 56.958251953125 71.572265625
246.0 421.5622863769531 311.48779296875 51.34283447265625 37.98846435546875
3
241.0 364.41943359375 310.7076416015625 55.289215087890625 48.396697998046875
244.0 474.37725830078125 458.247802734375 58.54656982421875 69.6402587890625
246.0 424.30914306640625 312.0513000488281 48.839569091796875 38.84710693359375
3
241.0 366.1861572265625 310.69598388671875 55.357391357421875 48.500946044921875
244.0 469.9772033691406 456.44256591796875 57.15545654296875 66.0682373046875
246.0 426.0851135253906 313.8819274902344 47.699951171875 41.525146484375
3
241.0 370.1336364746094 310.0716247558594 51.94085693359375 49.3070068359375
244.0 465.9950866699219 456.60479736328125 58.50347900390625 65.91879272460938
246.0 425.2712097167969 315.1955261230469 50.467529296875 43.5157470703125
3
241.0 373.6215515136719 308.8955078125 50.515869140625 49.648406982421875
244.0 463.89117431640625 455.66802978515625 58.400054931640625 65.2371826171875
246.0 427.22198486328125 318.33831787109375 51.35101318359375 48.6571044921875
3
241.0 375.3710632324219 308.2857360839844 53.10089111328125 48.63397216796875
244.0 461.73321533203125 455.06390380859375 56.466766357421875 63.406097412109375
246.0 428.2891845703125 320.0476989746094 49.3392333984375 52.27227783203125
3
241.0 377.46258544921875 309.09234619140625 56.47467041015625 48.3779296875
244.0 460.87115478515625 455.3344421386719 56.153289794921875 61.6473388671875
246.0 429.66961669921875 321.598388671875 47.894195556640625 55.684356689453125
3
241.0 379.6758728027344 309.6784362792969 60.37310791015625 48.31182861328125
244.0 460.7619323730469 454.29742431640625 56.1204833984375 61.16473388671875
246.0 432.19232177734375 327.4962463378906 44.518035888671875 59.5059814453125
3
241.0 383.157958984375 310.2100524902344 65.19046020507812 48.01116943359375
244.0 461.0325012207031 451.33941650390625 57.95623779296875 62.975555419921875
246.0 435.578369140625 335.696044921875 43.455108642578125 67.23190307617188
3
241.0 386.56512451171875 310.5890808105469 68.29788208007812 48.15875244140625
244.0 461.2493896484375 449.6856994628906 58.83795166015625 65.346435546875
246.0 437.4499816894531 339.9832763671875 42.755126953125 65.789794921875
3
241.0 391.88885498046875 311.438720703125 69.18673706054688 48.070709228515625
244.0 461.78839111328125 447.26300048828125 56.050201416015625 68.529296875
246.0 437.30755615234375 341.49029541015625 40.412872314453125 67.39651489257812
3
241.0 397.1785888671875 309.28125 69.03060913085938 43.575469970703125
244.0 461.05950927734375 445.0043640136719 55.276214599609375 71.8011474609375
246.0 440.08148193359375 349.9912109375 40.392852783203125 64.75759887695312
3
241.0 402.7203369140625 307.93902587890625 70.43624877929688 40.129791259765625
244.0 460.295654296875 440.097412109375 52.973785400390625 69.4669189453125
246.0 441.437744140625 356.26483154296875 44.934539794921875 63.855377197265625
3
241.0 408.2027893066406 307.850341796875 69.64208984375 38.97772216796875
244.0 459.15020751953125 435.00244140625 50.026092529296875 65.72647094726562
246.0 441.824951171875 358.8311767578125 45.490631103515625 66.8392333984375
3
241.0 413.7868957519531 307.186279296875 68.7418212890625 39.633758544921875
244.0 459.4060974121094 434.4205017089844 44.49591064453125 63.04315185546875
246.0 442.36712646484375 361.10980224609375 47.269012451171875 69.81729125976562
3
241.0 416.7601013183594 307.91021728515625 66.57257080078125 40.596282958984375
244.0 461.0814208984375 434.16534423828125 40.173614501953125 60.710296630859375
246.0 445.2632751464844 366.6068420410156 44.6141357421875 69.644775390625
3
241.0 420.6370849609375 308.4190673828125 65.27236938476562 42.1546630859375
244.0 458.9312744140625 432.4340515136719 45.833709716796875 59.1531982421875
246.0 446.58624267578125 372.66131591796875 42.764923095703125 66.4686279296875
2
241.0 424.6305236816406 308.47247314453125 65.41339111328125 42.69891357421875
244.0 456.2292175292969 411.54840087890625 47.84283447265625 93.88272094726562
2
241.0 428.9630126953125 309.8466491699219 64.5205078125 43.5694580078125
244.0 455.28546142578125 405.95489501953125 47.439788818359375 100.9365234375
2
241.0 434.0462951660156 316.19122314453125 63.09857177734375 45.991546630859375
244.0 455.8415832519531 402.92724609375 47.784912109375 96.06301879882812
2
241.0 439.74432373046875 321.1087341308594 64.09713745117188 50.48089599609375
244.0 459.3985595703125 404.1962890625 50.241790771484375 81.75119018554688
2
241.0 440.8482666015625 321.11517333984375 62.36474609375 48.480560302734375
244.0 460.3900451660156 406.107421875 49.91259765625 70.00509643554688
2
241.0 440.5907897949219 320.13604736328125 64.37200927734375 45.395172119140625
244.0 459.1470642089844 410.416748046875 48.04766845703125 61.0233154296875
2
241.0 438.33197021484375 318.7454833984375 68.5924072265625 43.191192626953125
244.0 458.033935546875 412.6308288574219 45.818511962890625 54.123291015625
2
241.0 436.7586669921875 315.367431640625 68.7890625 37.443450927734375
244.0 457.4225769042969 413.03021240234375 45.09100341796875 51.24176025390625
2
241.0 440.45513916015625 309.6868896484375 69.05148315429688 39.7467041015625
244.0 456.343017578125 413.8666687011719 44.56207275390625 47.7032470703125
1
244.0 457.05126953125 416.10272216796875 46.01904296875 46.885467529296875
1
244.0 457.01214599609375 416.7505798339844 46.066314697265625 48.4173583984375
1
244.0 455.78900146484375 415.5235595703125 45.673980712890625 47.72509765625
1
244.0 455.658935546875 415.2309265136719 45.007049560546875 46.49407958984375
1
244.0 456.427734375 415.7864074707031 43.783477783203125 43.4853515625
1
244.0 456.46649169921875 415.6280822753906 43.669921875 42.87127685546875
1
244.0 456.2066650390625 414.0301818847656 43.812835693359375 44.28631591796875
1
244.0 456.6380310058594 413.3713073730469 43.02166748046875 44.69793701171875
1
244.0 456.8765869140625 412.8912353515625 43.173004150390625 46.351776123046875
1
244.0 456.0809020996094 411.8313293457031 44.28839111328125 48.1707763671875
1
244.0 455.284912109375 410.09722900390625 44.7684326171875 49.678802490234375
2
244.0 455.17547607421875 409.08856201171875 44.769073486328125 50.68438720703125
250.0 465.434814453125 505.0147705078125 36.013885498046875 40.280853271484375
1
244.0 453.281982421875 406.8562316894531 46.461151123046875 50.35797119140625
2
244.0 450.6252136230469 403.7479248046875 46.3409423828125 49.476531982421875
250.0 458.09759521484375 514.4694213867188 41.321319580078125 57.127471923828125
2
244.0 450.7191162109375 403.2798767089844 44.70098876953125 48.92926025390625
250.0 457.1033935546875 518.6190185546875 43.72857666015625 55.664306640625
2
244.0 450.89410400390625 402.12939453125 43.678924560546875 48.36395263671875
250.0 455.79766845703125 519.013427734375 41.145263671875 54.839080810546875
2
244.0 449.9139099121094 400.1290283203125 42.922119140625 46.742156982421875
250.0 454.7978515625 518.5556640625 40.092926025390625 56.20184326171875
2
244.0 450.7615966796875 398.92236328125 45.42254638671875 44.20916748046875
250.0 453.3663330078125 522.1559448242188 40.80743408203125 58.9818115234375
2
244.0 452.487060546875 401.70587158203125 46.271636962890625 47.701995849609375
250.0 452.3763427734375 525.0397338867188 42.482269287109375 61.23046875
2
244.0 451.051025390625 399.3140869140625 44.450531005859375 47.034332275390625
250.0 448.5211181640625 529.359130859375 47.568206787109375 65.12466430664062
2
244.0 448.78314208984375 396.3441467285156 44.331085205078125 46.46209716796875
250.0 447.0039978027344 531.4821166992188 51.40283203125 66.83425903320312
2
244.0 449.18157958984375 395.80975341796875 43.957000732421875 46.306854248046875
250.0 446.41644287109375 534.9093627929688 52.53326416015625 63.457275390625
2
244.0 448.26153564453125 394.1805725097656 44.281829833984375 49.274169921875
250.0 446.1005554199219 536.86474609375 52.73724365234375 60.735015869140625
2
244.0 447.811767578125 390.56976318359375 43.730133056640625 49.50030517578125
250.0 445.16888427734375 542.2457275390625 56.77130126953125 59.33270263671875
2
244.0 446.0694580078125 386.03369140625 42.057373046875 57.974212646484375
250.0 445.18695068359375 544.1595458984375 57.059783935546875 59.26666259765625
2
244.0 443.0562744140625 383.0694580078125 42.84869384765625 60.682952880859375
250.0 444.80145263671875 545.8065185546875 55.548828125 57.774169921875
2
244.0 439.7855224609375 380.931884765625 45.220489501953125 61.169097900390625
250.0 442.7800598144531 545.4129638671875 55.07904052734375 55.51910400390625
3
244.0 438.10955810546875 380.1663818359375 47.412811279296875 60.44293212890625
250.0 439.60968017578125 544.452880859375 53.863739013671875 52.8236083984375
252.0 519.04931640625 450.1092529296875 55.1031494140625 61.3280029296875
2
244.0 437.0338439941406 380.0938720703125 50.57330322265625 59.888275146484375
250.0 433.93701171875 543.5867919921875 56.906890869140625 52.10809326171875
2
244.0 436.0396728515625 380.0289611816406 51.748138427734375 59.88214111328125
250.0 434.817138671875 544.83349609375 54.414306640625 52.5928955078125
3
244.0 435.24066162109375 380.22723388671875 51.92254638671875 60.195526123046875
250.0 434.870849609375 546.548828125 55.15838623046875 53.43450927734375
254.0 525.7545166015625 527.4931030273438 57.51715087890625 68.33627319335938
3
244.0 434.1398620605469 380.2296447753906 52.19635009765625 60.568115234375
250.0 435.3525085449219 547.0911254882812 53.0928955078125 53.2125244140625
254.0 521.8172607421875 532.25048828125 58.58209228515625 66.63497924804688
3
244.0 432.86444091796875 379.74114990234375 50.555816650390625 61.12255859375
250.0 436.7095031738281 546.837158203125 47.88916015625 52.212646484375
254.0 512.3057250976562 536.1948852539062 59.648345947265625 55.424530029296875
3
244.0 430.57208251953125 377.8186950683594 49.651153564453125 60.80621337890625
250.0 434.2470397949219 550.6539306640625 52.4212646484375 51.06964111328125
254.0 500.4248046875 540.9666748046875 53.873077392578125 57.44989013671875
3
244.0 429.83740234375 375.62384033203125 48.9813232421875 63.6395263671875
250.0 432.280029296875 553.8306884765625 51.694488525390625 49.78826904296875
254.0 494.07952880859375 538.8893432617188 49.000823974609375 58.602020263671875
3
244.0 429.1661376953125 372.084228515625 50.018768310546875 68.06021118164062
250.0 430.7602844238281 554.7064819335938 54.2744140625 52.27734375
254.0 501.12432861328125 537.613525390625 52.247772216796875 59.54046630859375
2
244.0 428.3736572265625 367.3186950683594 48.77203369140625 69.552001953125
250.0 428.45361328125 556.9970703125 56.56024169921875 53.97747802734375
2
244.0 425.7762451171875 363.93218994140625 48.465423583984375 71.21011352539062
250.0 423.6232604980469 560.469970703125 54.78533935546875 54.34307861328125
3
244.0 424.0943603515625 361.563232421875 47.689117431640625 74.31661987304688
250.0 418.7056579589844 564.7297973632812 55.39959716796875 53.68798828125
256.0 507.452880859375 597.772705078125 54.5419921875 61.18707275390625
2
244.0 421.4778747558594 357.82440185546875 48.04241943359375 76.75326538085938
250.0 415.580322265625 569.3515014648438 55.50604248046875 52.415283203125
2
244.0 419.8083190917969 354.3295593261719 47.226318359375 80.275390625
250.0 418.4627685546875 574.9777221679688 61.013885498046875 52.9942626953125
2
244.0 418.04400634765625 351.357421875 47.178070068359375 82.42095947265625
250.0 421.5565185546875 586.9244995117188 57.995086669921875 49.4146728515625
2
244.0 418.26068115234375 348.3277587890625 46.898895263671875 79.55349731445312
250.0 426.74639892578125 593.697265625 51.388702392578125 48.84063720703125
2
244.0 418.51446533203125 344.42413330078125 45.750457763671875 75.67581176757812
250.0 428.7073974609375 594.678466796875 55.81927490234375 50.48211669921875
2
244.0 418.1781005859375 341.5474853515625 46.331207275390625 76.26922607421875
250.0 429.6688232421875 593.2858276367188 55.14971923828125 46.433349609375
2
244.0 417.39398193359375 340.4498291015625 47.140411376953125 77.48184204101562
250.0 431.9524841308594 589.287353515625 55.35772705078125 41.5421142578125
2
244.0 417.104736328125 340.89178466796875 47.4854736328125 77.56488037109375
250.0 432.5174560546875 588.49951171875 54.78045654296875 37.96209716796875
2
244.0 417.6233825683594 342.3573913574219 47.22491455078125 76.80865478515625
250.0 428.8714599609375 589.6156005859375 52.3099365234375 37.18963623046875
2
244.0 418.3231506347656 343.51214599609375 47.165283203125 78.21087646484375
250.0 424.72357177734375 588.6844482421875 50.9537353515625 36.71209716796875
2
244.0 418.0683288574219 343.34429931640625 47.61712646484375 78.44729614257812
250.0 424.075439453125 587.9462890625 56.265106201171875 36.79217529296875
2
244.0 417.25701904296875 342.70599365234375 47.523040771484375 76.8138427734375
250.0 422.420166015625 588.5556640625 60.514617919921875 36.98370361328125
1
244.0 417.0738830566406 342.1768493652344 46.950927734375 74.459716796875
1
244.0 416.87689208984375 341.18841552734375 46.79473876953125 73.922607421875
1
244.0 416.77374267578125 341.124755859375 46.88970947265625 73.31100463867188
2
244.0 416.59051513671875 341.23394775390625 46.791717529296875 73.53439331054688
250.0 418.0569763183594 593.5020751953125 60.7315673828125 34.739501953125
2
244.0 416.5196533203125 340.8774108886719 47.36883544921875 74.33135986328125
250.0 416.8613586425781 593.2778930664062 60.11712646484375 34.115234375
2
244.0 415.55157470703125 339.94482421875 49.98583984375 74.7403564453125
250.0 419.80621337890625 592.5682373046875 60.301055908203125 33.67852783203125
1
244.0 415.7372131347656 338.35943603515625 51.1480712890625 77.30484008789062
2
244.0 414.98443603515625 336.4066162109375 52.29833984375 73.86074829101562
250.0 428.99609375 588.420654296875 55.056854248046875 32.86383056640625
2
244.0 413.94354248046875 333.5647888183594 53.226409912109375 73.17633056640625
250.0 433.2613525390625 587.447021484375 50.264892578125 31.060302734375
1
244.0 412.96533203125 331.4591979980469 54.196868896484375 70.4447021484375
1
244.0 412.397216796875 329.9772033691406 55.571624755859375 68.02886962890625
1
244.0 410.873291015625 329.1170654296875 56.521209716796875 64.86593627929688
1
244.0 408.2942810058594 328.34259033203125 58.95465087890625 63.38232421875
1
244.0 406.10772705078125 327.8915710449219 62.4473876953125 62.33026123046875
1
244.0 403.981689453125 326.955810546875 64.96078491210938 62.173736572265625
1
244.0 402.9107971191406 326.09576416015625 65.7998046875 63.271881103515625
1
244.0 401.1165771484375 325.45916748046875 64.27923583984375 63.472137451171875
1
244.0 399.2491455078125 324.66046142578125 62.1373291015625 65.27932739257812
1
244.0 396.98583984375 322.9033203125 57.808319091796875 65.81228637695312
1
244.0 396.4425048828125 322.4663391113281 56.028106689453125 65.9791259765625
1
244.0 396.2733154296875 321.53759765625 57.511871337890625 66.28378295898438
1
244.0 396.32757568359375 320.66876220703125 57.833770751953125 66.32870483398438
1
244.0 396.651123046875 318.67034912109375 60.444671630859375 63.717529296875
1
244.0 396.01318359375 316.5631103515625 60.950927734375 62.236846923828125
1
244.0 394.74853515625 316.2489013671875 60.198822021484375 63.049713134765625
1
244.0 394.1119689941406 314.6484069824219 56.77142333984375 61.7030029296875
2
244.0 392.903076171875 313.33831787109375 55.78387451171875 61.8060302734375
264.0 556.3654174804688 537.1680297851562 59.8851318359375 71.90744018554688
2
244.0 393.0703125 313.2740478515625 52.77392578125 62.49725341796875
264.0 554.4697265625 508.5474853515625 56.30224609375 62.646240234375
1
244.0 393.44189453125 313.5697937011719 50.03533935546875 63.7529296875
1
244.0 393.943115234375 313.7086181640625 48.224395751953125 63.308258056640625
1
244.0 393.3117980957031 314.46051025390625 47.42950439453125 64.1715087890625
1
244.0 393.8271179199219 315.1868896484375 46.2510986328125 63.251678466796875
1
244.0 393.54541015625 315.8203125 45.481353759765625 62.276763916015625
1
244.0 396.3580017089844 317.7156677246094 42.63494873046875 60.762451171875
1
244.0 396.28375244140625 317.0480041503906 44.405670166015625 56.98944091796875
1
244.0 397.18365478515625 315.85247802734375 48.4615478515625 54.619110107421875
1
244.0 399.19073486328125 315.3564453125 51.485137939453125 53.26336669921875
1
244.0 401.89434814453125 315.2852783203125 49.933990478515625 52.470245361328125
1
244.0 402.963623046875 318.00054931640625 50.16119384765625 55.405029296875
